Map8
1 1 1 S G 1 1 1 
1 1 0 0 0 # 0 1 
1 # F 1 F 0 1 1 
1 H 1 0 0 0 F 1 
1 0 0 # # 0 0 1 
1 0 F 0 1 0 0 1 
1 F 0 F F H 0 1 
1 1 1 1 1 1 1 1 
P61 D33 L54 T5

Map8
1 1 1 1 1 1 1 1 
1 0 0 0 0 F 0 1 
1 0 0 # 0 # 1 1 
1 F F 0 0 F # S 
1 0 0 0 F 0 0 G 
1 F F 0 0 # 0 1 
1 0 0 F 0 # 0 1 
1 1 1 1 1 1 1 1 
P41 D22 U35 T6

Map8
1 1 1 1 1 1 1 1 
1 0 0 1 0 0 F 1 
1 0 0 0 H 0 0 1 
G 0 0 1 0 # F 1 
1 F 0 0 F 0 # S 
1 1 0 0 F F 0 1 
1 0 0 F 1 0 0 1 
1 1 1 1 1 1 1 1 
P22 D66 P54 T5

Map8
1 1 1 1 1 1 1 1 
1 H 0 0 0 0 0 1 
1 # F 0 1 0 F S 
G 0 0 0 # 1 0 1 
1 0 0 H 0 # 0 1 
1 0 0 0 0 0 H 1 
1 0 # 0 F F 0 1 
1 1 1 1 1 1 1 1 
P33 U21 P14 T7

Map8
1 S 1 1 G 1 1 1 
1 F 0 0 0 0 F 1 
1 # F H 1 0 F 1 
1 0 0 0 0 0 0 1 
1 0 F 0 H 0 H 1 
1 0 0 0 1 F 0 1 
1 0 F 0 0 0 F 1 
1 1 1 1 1 1 1 1 
P31 P63 P14 T5

Map8
1 1 G 1 1 1 1 1 
1 F 0 0 0 # 0 1 
1 0 0 0 0 0 F 1 
1 F F 0 # 0 # S 
1 H F 0 F 0 0 1 
1 0 0 0 0 0 0 1 
1 F 0 F 0 0 0 1 
1 1 1 1 1 1 1 1 
P41 P12 L33 T4

Map8
1 S 1 1 1 G 1 1 
1 0 0 1 0 0 0 1 
1 0 # 0 0 0 0 1 
1 H 0 # 0 0 0 1 
1 0 0 0 H 0 0 1 
1 0 H 0 0 0 0 1 
1 0 0 0 # 0 0 1 
1 1 1 1 1 1 1 1 
P12 D62 D23 T5

Map8
1 1 1 1 1 1 1 1 
1 0 0 0 0 F 0 1 
1 # # F H # 0 1 
1 0 H # 0 0 0 S 
1 0 0 0 0 0 H 1 
G 0 F 0 0 F 0 1 
1 F 0 # 0 0 # 1 
1 1 1 1 1 1 1 1 
P43 D26 P34 T5

Map8
1 1 1 1 S 1 1 1 
1 0 0 # 0 0 # 1 
1 0 0 # 0 0 H 1 
1 H 0 0 0 F 0 G 
1 0 0 0 F 0 0 1 
1 0 0 0 H H # 1 
1 0 0 # 0 F F 1 
1 1 1 1 1 1 1 1 
P11 D24 P42 T4

Map8
1 1 G 1 1 1 1 1 
1 0 F 0 0 0 0 1 
1 0 0 0 0 # F 1 
S F 0 # # 0 # 1 
1 0 0 0 H F H 1 
1 0 0 1 # 0 # 1 
1 0 0 1 0 1 0 1 
1 1 1 1 1 1 1 1 
P41 L12 P53 T4
