Map8
1 1 1 1 1 1 1 1 
1 1 1 S 1 1 1 1 
1 1 H 0 0 0 1 1 
1 1 1 0 0 0 G 1 
1 1 0 0 0 0 1 1 
1 1 # 1 0 0 1 1 
1 1 1 1 1 1 1 1 
1 1 1 1 1 1 1 1 
P34 T2

Map8
1 1 1 1 1 1 1 1 
1 1 1 1 1 S 1 1 
1 1 0 0 0 0 1 1 
1 1 H 1 0 0 1 1 
1 1 0 1 0 0 1 1 
1 1 1 0 0 # 1 1 
1 1 1 1 G 1 1 1 
1 1 1 1 1 1 1 1 
P54 T3

Map8
1 1 1 1 1 1 1 1 
1 1 1 1 1 1 1 1 
1 1 0 0 0 0 1 1 
1 1 0 0 H 1 1 1 
1 1 0 0 0 0 1 1 
1 1 0 0 0 0 1 1 
1 1 S G 1 1 1 1 
1 1 1 1 1 1 1 1 
P42 T3

Map8
1 1 1 1 1 1 1 1 
1 1 1 1 1 1 1 1 
1 1 0 0 H 0 S 1 
1 1 0 0 H 1 1 1 
1 1 0 0 F 0 1 1 
1 1 # 0 0 F 1 1 
1 1 1 G 1 1 1 1 
1 1 1 1 1 1 1 1 
P22 T3

Map8
1 1 1 1 1 1 1 1 
1 1 1 1 G 1 1 1 
1 1 0 1 0 1 1 1 
1 1 0 0 0 F 1 1 
1 S F F 0 F 1 1 
1 1 1 0 0 0 1 1 
1 1 1 1 1 1 1 1 
1 1 1 1 1 1 1 1 
P33 T4

Map8
1 1 1 1 1 1 1 1 
1 1 S 1 1 1 1 1 
1 1 0 0 0 0 1 1 
1 1 0 0 H 0 1 1 
1 1 1 0 0 0 1 1 
1 1 0 0 0 0 1 1 
1 1 1 G 1 1 1 1 
1 1 1 1 1 1 1 1 
P42 T4

Map8
1 1 1 1 1 1 1 1 
1 1 G 1 1 1 1 1 
1 1 0 H 0 F 1 1 
1 1 0 1 # 1 1 1 
1 1 1 0 0 0 1 1 
1 1 F 0 0 0 S 1 
1 1 1 1 1 1 1 1 
1 1 1 1 1 1 1 1 
P35 T5

Map8
1 1 1 1 1 1 1 1 
1 0 0 0 0 0 0 1 
G 0 0 0 0 0 0 1 
1 0 0 0 0 0 0 1 
1 0 0 0 0 0 1 1 
1 0 1 0 1 0 0 1 
1 0 0 0 0 0 0 1 
1 1 1 1 1 1 S 1 
P51 T4

Map8
1 1 S 1 1 1 1 1 
1 F 0 0 0 0 # 1 
1 0 0 0 0 # 0 G 
1 H 0 0 # 0 # 1 
1 H # 0 0 0 0 1 
1 0 0 0 0 0 0 1 
1 0 0 0 H # 1 1 
1 1 1 1 1 1 1 1 
P23 T2

