Map8+6
1 1 1 1 1 G 1 1 
1 0 # 0 0 # 1 1 
1 0 0 0 0 # 0 1 
1 0 1 0 0 # F 1 
1 1 0 # 1 1 0 1 
S 0 0 0 0 0 H 1 
1 0 0 0 # 0 1 1 
1 1 1 1 1 1 1 1 
L25 T8

Map
1 1 1 1 1 1 1 1 
1 1 0 0 0 0 0 1 
1 0 0 1 H 0 0 1 
1 0 0 0 0 1 0 1 
1 0 0 0 0 0 0 1 
1 0 0 0 H 0 1 1 
1 0 H 0 0 1 0 1 
1 S 1 G 1 1 1 1 
L24 T8

Map
1 1 1 1 1 1 1 1 
1 1 0 0 # 0 0 1 
G # H 0 0 0 0 1 
1 0 0 0 0 # F 1 
1 0 0 0 0 F 0 1 
1 0 1 0 0 0 0 1 
1 0 0 1 0 0 0 1 
1 1 1 1 1 1 S 1 
D65 T8

Map
1 1 1 1 1 S 1 1 
1 0 # 0 0 0 0 1 
1 F 0 0 0 0 0 1 
1 0 F 0 0 0 0 1 
1 H # 0 0 # 1 1 
1 # # # 0 H 0 1 
1 # 0 0 0 0 F 1 
1 G 1 1 1 1 1 1 
R41 T8

Map
1 1 1 G 1 1 1 1 
1 0 0 0 0 0 0 1 
1 0 0 0 0 0 0 1 
1 0 0 0 0 0 1 1 
1 0 F 0 F 0 1 1 
1 0 H 1 0 # 0 1 
S 0 0 0 1 H 0 1 
1 1 1 1 1 1 1 1 
L22 T8

Map
1 S 1 1 1 1 1 1 
1 0 0 1 # # 1 1 
1 0 # 1 0 1 # 1 
1 0 0 0 0 0 1 1 
1 0 0 0 H 0 0 1 
1 # 0 F # 0 0 1 
1 0 0 0 0 F 0 1 
1 1 1 G 1 1 1 1 
L26 T8

Map
1 1 1 1 1 1 1 1 
1 H 0 0 0 0 0 S 
1 0 0 0 1 0 0 1 
1 0 0 0 # 1 0 1 
1 0 0 0 0 0 0 1 
1 0 0 0 0 0 1 1 
1 1 0 0 0 0 F 1 
1 1 G 1 1 1 1 1 
R21 T8

Map
1 1 1 S 1 G 1 1 
1 1 0 F 0 # 0 1 
1 0 0 0 0 0 0 1 
1 0 # 0 # 0 0 1 
1 # 0 0 # F 0 1 
1 0 # 0 0 0 0 1 
1 0 0 # H 0 0 1 
1 1 1 1 1 1 1 1 
L41 T8

Map
1 1 1 1 1 G 1 1 
1 # 0 0 0 0 0 1 
1 0 0 0 0 0 0 1 
1 1 0 0 0 # H 1 
1 # 0 0 1 1 0 1 
1 # 0 # 1 0 0 S 
1 0 0 0 0 0 F 1 
1 1 1 1 1 1 1 1 
L41 T11

Map
1 1 1 1 1 1 1 1 
1 0 0 # 1 0 0 1 
1 0 0 0 0 0 # 1 
1 0 0 0 # 0 0 1 
1 0 0 # H 0 0 1 
1 0 0 0 0 0 0 1 
1 0 F 0 0 0 0 S 
1 1 1 1 G 1 1 1 
R56 T8

Map
1 1 1 1 1 1 1 1 
1 0 0 0 0 0 1 1 
1 0 0 0 0 0 0 1 
1 H 0 0 0 0 0 1 
1 0 0 0 0 0 0 1 
1 0 0 0 F 0 0 1 
1 0 0 0 0 0 0 1 
1 1 1 G 1 S 1 1 
R41 T8

Map
1 1 1 1 1 1 1 1 
1 # 0 F # 1 1 1 
1 F 0 F 0 0 0 1 
1 0 0 0 F 0 0 1 
1 # 0 0 0 0 1 1 
1 0 0 0 1 0 0 1 
1 0 0 # 1 0 F G 
1 1 1 S 1 1 1 1 
D33 T8

Map
1 1 1 1 1 1 1 1 
1 0 0 0 F 0 0 S 
1 0 0 0 1 1 0 1 
1 0 1 0 0 0 0 G 
1 0 0 0 1 # 0 1 
1 # 0 0 0 0 0 1 
1 0 # 1 0 0 0 1 
1 1 1 1 1 1 1 1 
U32 T8

Map
1 1 1 1 1 1 1 1 
1 0 1 0 0 1 0 1 
1 0 # 0 0 0 0 1 
1 1 # 0 F 0 F 1 
1 0 0 0 0 F 0 1 
1 0 0 F 0 0 F 1 
G 0 1 0 0 F 0 S 
1 1 1 1 1 1 1 1 
D45 T8

Map
1 1 1 1 1 1 1 1 
1 0 0 0 1 0 0 1 
1 0 0 0 H 0 0 1 
1 0 F 0 0 1 0 1 
1 1 0 0 0 0 0 1 
1 0 0 0 0 # 0 1 
S 0 0 0 0 F 0 1 
1 1 1 1 G 1 1 1 
U36 T8

Map
1 1 1 1 1 1 1 1 
1 0 F F # 0 # 1 
1 0 # 0 0 0 0 1 
G 0 # F # 1 0 S 
1 0 0 1 # 0 0 1 
1 0 0 0 0 1 0 1 
1 0 0 0 1 0 1 1 
1 1 1 1 1 1 1 1 
U42 T10

Map
1 1 1 1 1 1 1 1 
1 0 0 0 0 # 0 1 
G 0 # # 0 0 0 1 
1 0 1 1 0 0 1 1 
1 1 0 0 0 0 F 1 
1 0 0 0 1 0 0 1 
S 0 1 0 0 0 0 1 
1 1 1 1 1 1 1 1 
U55 T8

Map
1 1 1 1 1 1 1 1 
1 0 0 # 0 0 0 1 
1 0 0 0 # H 0 1 
1 0 0 0 0 # # 1 
1 0 0 0 0 0 0 1 
1 0 0 0 0 0 1 1 
1 0 0 0 0 H # 1 
1 1 S G 1 1 1 1 
L24 T8

Map
1 1 1 1 1 1 1 1 
1 0 0 H 0 1 0 1 
1 0 0 1 0 0 0 1 
G 0 0 1 F 0 1 1 
1 0 # # 0 0 # 1 
1 0 0 0 H F 0 1 
1 0 # 0 0 # 0 1 
1 S 1 1 1 1 1 1 
D14 T8

Map
1 1 1 1 1 G 1 1 
S # 0 0 0 0 # 1 
1 # 0 # 0 0 0 1 
1 0 0 0 0 1 0 1 
1 0 0 0 0 0 0 1 
1 F 0 0 0 H F 1 
1 # 0 0 0 1 F 1 
1 1 1 1 1 1 1 1 
L41 T8

Map
1 1 1 1 S 1 1 1 
1 1 # 1 0 0 0 1 
1 0 F 0 0 0 0 1 
1 0 F 0 H F 1 1 
1 0 # 0 0 0 0 1 
G 0 F 0 0 1 0 1 
1 H # 1 1 # 0 1 
1 1 1 1 1 1 1 1 
U42 T10

Map
1 1 1 1 S 1 1 1 
1 F 1 0 0 0 0 1 
1 0 F 0 0 0 F 1 
1 # 0 0 0 0 F 1 
1 F 0 # 0 # 0 1 
1 0 0 0 0 # F 1 
1 0 # 0 0 F 0 1 
1 1 G 1 1 1 1 1 
R36 T8

Map
1 1 S 1 1 1 1 1 
1 0 0 0 0 0 0 1 
1 0 0 0 0 0 0 1 
1 0 0 1 H 0 0 1 
1 0 0 0 0 0 0 1 
1 1 0 0 0 0 F 1 
1 0 1 0 0 0 1 1 
1 1 1 1 1 G 1 1 
L41 T8

Map
1 1 1 1 1 1 1 1 
G 0 F 0 1 0 H 1 
1 1 0 F F 0 0 1 
1 0 F 0 1 0 1 1 
1 1 0 0 0 0 0 1 
1 H 0 1 0 0 0 1 
1 0 F 0 0 0 0 1 
1 1 1 1 1 S 1 1 
R13 T8

Map
1 1 1 1 1 1 1 1 
1 1 0 0 0 # 0 1 
1 0 0 0 0 0 # 1 
1 0 0 0 0 1 H 1 
1 0 1 F 0 0 0 1 
1 0 F # # 0 0 1 
1 0 0 0 0 0 0 1 
1 1 1 S 1 G 1 1 
L46 T12

Map
1 1 1 1 1 1 1 1 
1 1 0 0 # F F 1 
G 0 F 0 F 0 # 1 
1 0 0 0 0 1 F 1 
1 # 0 0 0 # 1 1 
S F # 0 # 0 F 1 
1 # 0 F 0 0 1 1 
1 1 1 1 1 1 1 1 
D24 T10

Map
1 1 1 1 1 1 1 1 
1 0 0 0 0 0 1 1 
1 0 1 0 0 0 0 S 
1 # 0 1 0 0 0 1 
1 0 0 F # 0 0 G 
1 0 0 1 0 0 0 1 
1 F 0 0 0 0 0 1 
1 1 1 1 1 1 1 1 
U63 T8

Map
1 1 1 1 1 1 S 1 
1 0 0 0 0 0 # 1 
1 1 0 F 0 0 # 1 
1 1 H 0 0 F 1 1 
1 0 H 1 # 0 H 1 
1 # 0 # 0 F 1 1 
1 0 0 0 0 0 F 1 
1 G 1 1 1 1 1 1 
R51 T8

Map
1 1 1 1 1 S 1 1 
1 0 0 0 0 0 0 1 
1 0 0 0 # # # 1 
1 # 0 1 1 1 0 1 
1 0 1 0 0 0 1 1 
1 # 0 0 # 0 0 1 
1 0 0 0 0 0 0 1 
1 1 1 G 1 1 1 1 
L25 T8

Map
1 1 1 1 S 1 1 1 
1 # 0 1 0 # 0 1 
1 F 0 # 0 0 F 1 
1 0 0 0 0 0 0 1 
1 0 0 F 0 0 F 1 
1 F 0 0 0 0 0 1 
1 0 # 1 0 0 0 1 
1 1 G 1 1 1 1 1 
U42 T9

Map
1 1 1 1 1 1 1 1 
1 H # 0 0 0 0 1 
1 # # # 0 0 F 1 
1 H F 0 F # 1 1 
S 0 0 0 # 0 0 1 
1 0 F F 0 0 0 1 
1 1 1 0 0 1 # 1 
1 1 1 G 1 1 1 1 
L34 T8

Map
1 1 1 1 1 1 1 1 
S 0 0 0 1 1 0 G 
1 0 0 F 0 # F 1 
1 0 0 0 0 0 0 1 
1 F 0 # H 0 0 1 
1 0 0 1 # 0 0 1 
1 0 0 1 # # # 1 
1 1 1 1 1 1 1 1 
U22 T8

Map
1 1 G 1 1 S 1 1 
1 0 0 # 0 F 0 1 
1 F 0 0 0 0 F 1 
1 0 0 # 0 1 0 1 
1 0 # 1 0 0 F 1 
1 0 1 0 # # 0 1 
1 0 F 0 0 # 1 1 
1 1 1 1 1 1 1 1 
D11 T8

Map
1 1 1 1 1 1 1 1 
1 # 0 1 0 0 F 1 
1 0 0 # 0 0 1 1 
1 1 0 0 F 0 0 1 
1 F F F # 0 0 G 
1 # 0 0 0 0 0 1 
1 0 0 # F # 0 S 
1 1 1 1 1 1 1 1 
D55 T10

Map
1 1 1 1 1 1 S 1 
1 0 0 0 # 0 0 1 
1 0 0 0 0 0 0 1 
1 0 0 # 1 0 0 G 
1 1 0 0 0 1 # 1 
1 0 0 # 0 1 0 1 
1 0 0 0 0 0 0 1 
1 1 1 1 1 1 1 1 
D51 T11

Map
1 1 1 1 1 1 S 1 
1 0 # 0 1 0 0 1 
1 F F 0 0 0 0 1 
1 # 0 0 0 0 0 1 
G 0 0 0 0 H 0 1 
1 # 0 0 0 0 0 1 
1 0 # # # 0 1 1 
1 1 1 1 1 1 1 1 
D35 T9

Map
1 1 1 G 1 1 1 1 
1 0 0 0 0 0 0 1 
1 1 1 0 0 # 0 1 
1 0 0 0 0 # 1 1 
1 0 0 H 0 0 0 S 
1 0 # 0 0 0 # 1 
1 0 F 0 # 0 # 1 
1 1 1 1 1 1 1 1 
R44 T10

Map
1 1 1 1 1 1 1 1 
1 # 0 0 # 0 F 1 
1 # 0 0 0 0 0 G 
1 0 0 0 0 1 # S 
1 0 0 0 0 # F 1 
1 0 0 # 0 0 0 1 
1 0 0 0 1 0 0 1 
1 1 1 1 1 1 1 1 
D13 T10

Map
1 1 G 1 1 1 1 1 
1 0 0 0 0 0 0 1 
1 0 0 0 1 0 0 1 
1 1 0 # F 0 0 1 
1 0 H 0 0 1 0 1 
1 F 0 0 0 0 0 1 
1 0 1 # 0 0 0 1 
1 1 1 1 S 1 1 1 
R34 T10

Map
1 1 G 1 1 1 1 1 
1 0 0 0 # 0 0 S 
1 F 0 F 0 0 0 1 
1 0 1 0 1 H 0 1 
1 0 # 0 F 0 0 1 
1 0 F 0 0 0 0 1 
1 1 0 0 0 F 0 1 
1 1 1 1 1 1 1 1 
R31 T8

Map
1 1 1 1 1 1 1 1 
1 0 0 0 0 0 0 1 
1 1 H 1 0 0 0 1 
1 0 0 H 0 F 0 G 
1 1 0 0 # 0 1 1 
1 0 0 0 0 0 0 1 
1 0 0 0 1 0 F 1 
1 1 1 1 1 1 S 1 
R24 T9

Map
1 1 S 1 1 1 1 1 
1 0 0 # F 0 0 1 
1 # 0 0 0 F 0 1 
1 # F # 0 0 1 1 
1 0 1 F F 0 0 1 
1 1 # 0 0 0 # 1 
G 0 0 1 F F 0 1 
1 1 1 1 1 1 1 1 
U22 T8

Map
1 1 1 1 1 1 1 1 
S 0 0 0 0 0 0 1 
1 0 F 0 0 0 0 1 
1 0 0 0 H 0 0 G 
1 H H 0 0 0 0 1 
1 0 0 F 0 0 0 1 
1 0 F 0 0 0 1 1 
1 1 1 1 1 1 1 1 
U52 T8

Map
1 1 1 1 1 1 1 1 
1 1 H 0 # 0 0 1 
1 0 0 F 0 0 0 1 
1 0 0 1 # # 0 1 
1 0 0 H 0 0 1 1 
1 0 # # 0 0 0 1 
1 0 0 1 0 1 # 1 
1 1 S 1 G 1 1 1 
L23 T8

Map
1 1 1 1 1 1 1 1 
1 0 1 0 0 H 0 1 
1 0 H 0 0 0 0 1 
1 1 # 1 0 0 0 1 
1 0 0 0 0 1 0 1 
1 0 0 0 1 H 0 G 
1 0 0 0 0 0 1 1 
1 1 S 1 1 1 1 1 
D25 T10

Map
1 1 1 1 1 1 S 1 
1 0 0 # 1 0 0 1 
1 0 # 0 0 0 0 1 
1 0 F 0 H 0 # 1 
1 0 0 0 0 1 1 1 
1 0 0 0 F 0 1 1 
1 0 0 0 0 0 0 1 
1 1 1 1 1 1 G 1 
R53 T8

Map
1 1 1 1 1 1 1 1 
1 F 0 F 0 1 F 1 
G 0 0 0 0 0 F 1 
1 F # # 1 0 # 1 
1 0 0 1 0 1 1 1 
1 0 0 0 0 0 # 1 
1 0 0 0 0 0 0 1 
1 S 1 1 1 1 1 1 
D15 T8

Map
1 1 1 1 1 1 S 1 
1 0 F 0 1 0 0 1 
1 0 0 0 0 0 0 1 
1 H 0 0 H F H 1 
1 1 0 0 0 H F 1 
G # 0 1 # 1 # 1 
1 # 0 1 0 0 0 1 
1 1 1 1 1 1 1 1 
L62 T11

Map
1 1 1 1 S 1 1 1 
1 1 0 0 0 # 0 1 
1 0 0 0 0 F # 1 
1 1 # 0 0 0 # 1 
1 0 0 0 F 0 1 1 
G 0 0 0 0 0 0 1 
1 0 0 # H 0 0 1 
1 1 1 1 1 1 1 1 
U43 T8

Map
1 1 1 1 G 1 1 1 
1 1 F H 0 0 0 1 
1 0 F 0 0 0 0 1 
1 1 0 0 0 0 0 1 
1 0 0 0 0 0 0 1 
1 0 0 0 F 0 0 1 
1 F 0 0 1 0 0 1 
1 1 1 1 1 1 S 1 
R54 T8

Map
1 1 1 1 1 1 S 1 
1 0 0 0 0 0 0 1 
1 0 1 1 1 0 0 1 
1 0 0 0 0 # 0 1 
1 0 0 0 0 0 0 1 
1 0 0 1 1 0 0 1 
1 1 0 0 0 0 0 1 
1 1 1 1 G 1 1 1 
R56 T8

Map
1 G 1 1 1 1 1 1 
1 # 0 # F 0 F 1 
1 0 0 0 0 0 F 1 
1 0 0 0 0 # # 1 
1 1 0 F 1 H 0 1 
1 # 0 0 0 # 1 1 
1 0 0 0 # 0 0 1 
1 1 1 1 1 S 1 1 
R45 T8

Map
1 S 1 1 1 1 1 1 
1 0 0 0 0 # # 1 
1 F 0 F F 0 # G 
1 0 1 F # 0 0 1 
1 0 0 0 0 0 # 1 
1 0 0 0 F F # 1 
1 # 0 1 0 F 0 1 
1 1 1 1 1 1 1 1 
D63 T9

Map
1 1 1 G 1 1 1 1 
S # 0 F 0 0 # 1 
1 0 # 0 0 0 F 1 
1 F 1 0 0 0 0 1 
1 0 0 1 # 0 1 1 
1 0 0 # 1 # 0 1 
1 0 # # 0 0 0 1 
1 1 1 1 1 1 1 1 
L21 T10

Map
1 1 1 1 1 1 1 1 
1 0 0 0 0 H # 1 
1 0 0 0 0 0 1 1 
1 1 0 0 0 0 0 1 
1 0 H 0 0 0 0 S 
1 0 H 0 0 0 0 1 
1 0 0 0 0 0 0 1 
1 1 1 1 1 G 1 1 
R34 T8

Map
1 1 1 1 1 1 1 1 
1 0 0 # 0 0 0 1 
S 0 1 0 F 0 0 1 
1 0 1 0 0 0 0 1 
G 0 0 1 0 0 0 1 
1 0 0 0 0 0 1 1 
1 0 1 0 0 0 0 1 
1 1 1 1 1 1 1 1 
U13 T10

Map
1 1 1 1 1 1 1 1 
1 0 H 0 0 # 0 S 
1 0 F # 0 # 0 1 
1 0 H 0 0 0 0 1 
1 0 0 # 0 0 0 1 
1 0 # 0 0 0 0 1 
1 # # 1 0 # 0 1 
1 1 G 1 1 1 1 1 
R41 T8

Map
1 G 1 1 1 S 1 1 
1 F 1 1 0 0 0 1 
1 0 0 # F 0 F 1 
1 0 # # 0 0 0 1 
1 1 F # F H 0 1 
1 # 0 1 0 1 1 1 
1 0 F 0 0 0 F 1 
1 1 1 1 1 1 1 1 
U52 T9

Map
1 S 1 1 1 1 1 1 
1 0 0 0 0 0 0 1 
1 0 0 0 0 0 0 1 
1 0 0 H 0 0 0 G 
1 1 0 0 0 F 0 1 
1 0 F 0 0 1 0 1 
1 0 0 0 0 0 0 1 
1 1 1 1 1 1 1 1 
U42 T10

Map
1 1 1 G 1 1 1 1 
1 1 0 0 0 F 0 1 
1 0 # 0 # 0 # 1 
1 1 0 # 0 0 0 1 
1 0 0 0 0 0 0 S 
1 0 # 1 0 # 0 1 
1 0 0 # 1 0 0 1 
1 1 1 1 1 1 1 1 
R44 T8

Map
1 1 1 1 1 1 1 1 
1 0 0 0 H 1 0 1 
1 F 0 0 0 0 F 1 
1 0 0 0 H H 0 1 
1 # 0 0 0 0 1 1 
1 0 1 0 0 0 0 1 
1 # 0 0 0 0 0 1 
1 1 G 1 S 1 1 1 
R36 T8

Map
1 1 1 1 1 1 1 1 
1 0 0 F F F 0 1 
1 0 1 0 0 0 0 1 
G 0 0 0 1 0 0 1 
1 0 1 0 0 0 0 1 
1 0 0 0 0 0 0 S 
1 0 0 1 0 F 0 1 
1 1 1 1 1 1 1 1 
D14 T8

Map
1 1 1 1 S 1 1 1 
1 0 0 0 F 0 0 1 
1 1 0 0 0 F 0 1 
1 1 0 0 0 0 F 1 
1 0 0 0 0 F 0 1 
1 0 1 0 0 0 F 1 
1 0 0 0 0 0 0 1 
1 1 1 1 1 G 1 1 
L46 T8

Map
1 1 1 1 1 1 1 1 
1 0 1 0 0 0 0 1 
1 0 0 0 1 0 0 1 
G 0 0 1 0 0 0 1 
1 0 0 0 0 0 0 1 
1 0 0 F 0 0 F 1 
1 0 0 0 0 1 0 1 
1 S 1 1 1 1 1 1 
D14 T10

Map
1 1 1 1 1 G 1 1 
1 0 0 0 0 0 F 1 
1 0 0 # 0 0 0 1 
1 0 0 # 1 0 0 1 
1 0 0 F 1 0 0 1 
1 0 # # 0 0 0 1 
1 0 0 0 0 # 0 1 
1 1 1 S 1 1 1 1 
L63 T8

Map
1 G 1 1 1 1 1 1 
1 0 0 0 F H 1 1 
1 F 0 0 # 0 0 1 
1 0 1 0 0 0 0 1 
1 1 F F F H 1 1 
1 0 F 0 F # 0 1 
1 0 0 0 0 0 0 S 
1 1 1 1 1 1 1 1 
R46 T8

Map
1 1 1 1 1 1 1 1 
S 0 1 0 0 0 0 1 
1 0 # 0 1 0 # 1 
1 0 0 1 0 H 0 1 
1 0 1 1 0 0 H 1 
1 # # 0 0 0 0 1 
1 0 0 0 0 # 0 1 
1 1 1 1 G 1 1 1 
U36 T9

Map
1 1 G 1 1 1 1 1 
1 0 0 F 1 0 0 1 
1 1 0 1 # 0 F 1 
1 0 0 0 0 0 0 1 
1 0 # 0 0 F 0 1 
1 # 0 0 # 1 0 1 
1 0 1 0 0 0 0 1 
1 1 1 1 S 1 1 1 
R33 T8

Map
1 1 1 1 1 1 1 1 
1 0 # # # 0 0 1 
1 0 0 F 0 0 0 S 
1 0 1 F # F 0 G 
1 0 0 0 0 F 0 1 
1 0 0 0 # 0 0 1 
1 0 F 0 0 1 F 1 
1 1 1 1 1 1 1 1 
U42 T8

Map
1 1 1 1 1 1 1 1 
1 0 # 0 0 0 1 1 
1 0 0 F 0 0 0 1 
1 0 F # 0 F 0 1 
1 H 0 # 0 0 0 G 
1 F F 0 0 0 # 1 
1 F 0 0 0 0 0 1 
1 1 1 1 1 S 1 1 
D55 T8

Map
1 1 1 G 1 1 1 1 
1 0 0 0 0 0 0 1 
1 0 0 0 F 0 0 1 
1 0 0 1 0 # F 1 
1 0 F 0 0 0 0 1 
1 0 F 0 0 0 0 1 
1 0 0 0 1 F 0 1 
1 S 1 1 1 1 1 1 
L21 T8

Map
1 1 1 1 1 1 1 1 
1 1 0 0 0 0 0 1 
1 0 0 0 0 0 0 1 
1 1 0 0 # 0 0 1 
1 0 0 0 0 0 0 1 
1 0 0 0 # 0 0 1 
1 0 0 0 0 H 0 1 
1 1 1 1 G 1 S 1 
R54 T8

Map
1 1 1 1 1 1 1 1 
1 0 0 0 1 0 # 1 
S 0 0 0 0 0 0 1 
1 0 0 0 0 0 0 1 
1 0 0 F 0 F # 1 
G 0 0 0 0 0 0 1 
1 0 0 0 0 H 0 1 
1 1 1 1 1 1 1 1 
U14 T8

Map
1 1 1 1 1 1 1 1 
1 0 # 0 0 # 0 1 
1 0 1 0 1 0 0 G 
1 0 0 # 0 F 0 1 
1 0 0 # 0 0 0 S 
1 F 0 0 # 0 # 1 
1 1 0 0 0 0 0 1 
1 1 1 1 1 1 1 1 
D63 T8

Map
1 1 1 1 1 1 S 1 
1 0 F 0 F 0 0 1 
1 0 0 H 0 0 0 1 
1 0 0 0 0 F 1 1 
1 1 0 0 0 1 F 1 
1 0 0 0 0 0 0 G 
1 0 0 0 F F 0 1 
1 1 1 1 1 1 1 1 
D22 T8

Map
1 1 1 1 1 1 S 1 
1 0 0 0 0 0 0 1 
1 # # 0 # 0 0 1 
1 1 0 1 0 0 H 1 
1 0 0 1 0 0 0 1 
1 0 0 F 0 1 0 1 
1 0 0 0 0 1 0 1 
1 1 G 1 1 1 1 1 
R52 T10

Map
1 1 1 1 S 1 1 1 
G 0 1 0 0 # F 1 
1 0 1 0 0 0 0 1 
1 0 0 0 0 0 H 1 
1 F 0 0 # 0 # 1 
1 0 # 0 0 1 H 1 
1 H 0 0 0 1 0 1 
1 1 1 1 1 1 1 1 
U42 T8

Map
1 1 1 1 1 1 1 1 
1 0 # 0 0 H # 1 
1 0 # 0 0 0 # 1 
1 1 1 0 0 # 0 G 
1 0 0 0 1 H F 1 
1 1 0 0 0 0 0 S 
1 0 0 0 0 0 0 1 
1 1 1 1 1 1 1 1 
D41 T8

Map
1 1 1 1 1 G 1 1 
1 0 H # 0 0 0 1 
1 0 0 F 0 0 0 1 
1 1 F 0 F 0 0 1 
1 0 # 0 0 F F 1 
S 0 0 0 0 0 F 1 
1 0 0 0 1 0 0 1 
1 1 1 1 1 1 1 1 
L25 T8

Map
1 1 1 S 1 1 1 1 
1 1 0 0 F 0 F 1 
1 0 # 0 1 # 1 1 
1 F 0 0 0 0 0 1 
1 # F # 1 1 0 1 
1 # 0 0 0 0 0 1 
1 # 0 0 1 0 0 1 
1 1 1 1 1 G 1 1 
U32 T9

Map
1 1 1 1 1 1 1 1 
S 0 # 0 0 0 0 1 
1 # 0 1 0 0 0 G 
1 1 0 0 0 0 # 1 
1 0 0 # 0 0 F 1 
1 # 0 # 1 0 0 1 
1 # 0 0 1 1 0 1 
1 1 1 1 1 1 1 1 
L61 T9

Map
1 1 1 1 1 1 S 1 
1 1 0 0 0 0 0 1 
1 0 0 0 0 0 0 1 
1 # 0 H 0 0 # G 
1 0 0 0 # 0 0 1 
1 0 0 0 0 0 0 1 
1 0 0 0 # 1 0 1 
1 1 1 1 1 1 1 1 
U42 T8

Map
1 1 G 1 1 1 1 1 
1 0 0 0 F 0 0 1 
1 0 0 0 0 1 0 1 
1 1 0 # 0 0 F 1 
1 0 0 0 0 0 0 1 
1 0 0 1 0 0 # 1 
1 1 F H 0 0 0 1 
1 1 1 1 S 1 1 1 
D44 T9

Map
1 1 G 1 S 1 1 1 
1 0 0 H 0 0 0 1 
1 0 0 0 F 0 0 1 
1 0 0 0 0 0 0 1 
1 0 0 # 0 0 0 1 
1 0 0 1 0 0 1 1 
1 0 0 0 0 0 1 1 
1 1 1 1 1 1 1 1 
R36 T8

Map
1 1 1 1 1 1 1 1 
1 1 0 0 0 0 0 1 
1 H # # 0 0 0 1 
1 0 0 0 0 0 0 1 
1 0 0 0 # 0 0 G 
S 0 0 # H 0 0 1 
1 0 # # 1 1 H 1 
1 1 1 1 1 1 1 1 
D25 T8

