Map
1 1 1 S G 1 1 1 
1 0 F # 0 0 F 1 
1 0 H F F 0 0 1 
1 0 F 0 H 0 0 1 
1 1 F 0 0 0 # 1 
1 0 0 0 F 0 0 1 
1 0 0 0 0 0 # 1 
1 1 1 1 1 1 1 1 
P51 L33 T4

Map
1 1 1 1 1 G 1 1 
1 0 0 H H 0 0 1 
1 0 0 H 0 0 0 1 
1 0 F 0 0 0 0 1 
1 1 1 0 H # F 1 
1 0 1 1 0 0 0 1 
1 0 0 0 0 F 0 1 
1 S 1 1 1 1 1 1 
p63 P42 T7

Map
1 1 1 1 1 1 1 1 
1 0 0 0 0 0 0 1 
1 0 0 F # 0 0 1 
1 # 0 0 # H 0 1 
1 1 0 0 0 0 0 1 
1 0 H 0 # 0 0 1 
1 H # 0 H 0 0 1 
1 1 1 G 1 S 1 1 
P54 p41 T6

Map
1 1 1 1 1 1 1 1 
1 0 0 # 0 H 0 1 
1 0 # 0 0 0 1 1 
1 0 0 # 1 0 0 G 
1 0 0 # # H 0 1 
1 F # 0 0 # 0 1 
1 # 0 0 H 0 0 1 
1 S 1 1 1 1 1 1 
r13 r35 T6

Map
1 1 1 1 1 1 1 1 
1 0 0 # F 0 F 1 
1 0 1 0 F H 0 1 
1 0 0 0 1 0 F 1 
1 0 # 0 0 0 0 1 
S 0 1 0 0 0 # G 
1 F 0 0 0 1 F 1 
1 1 1 1 1 1 1 1 
r13 p34 T6

Map
1 1 1 1 G 1 1 1 
1 H F 0 F 0 0 1 
1 0 0 0 0 0 0 1 
1 0 F 0 1 0 0 S 
1 0 0 H 0 F F 1 
1 0 F 1 0 # 0 1 
1 0 0 0 0 0 0 1 
1 1 1 1 1 1 1 1 
l62 p52 T6

Map
1 1 1 1 1 1 1 1 
1 0 0 0 H 0 0 1 
1 0 0 0 0 0 0 1 
1 0 0 0 0 # 0 1 
1 0 0 0 0 0 0 1 
1 0 0 0 0 0 0 1 
1 0 # 0 0 0 0 1 
1 1 G 1 1 1 S 1 
d21 u36 T6

Map
1 1 1 1 1 G 1 1 
1 0 0 0 F F 0 1 
1 0 0 0 0 0 F 1 
1 0 F 0 # 0 0 1 
1 0 0 0 0 # # 1 
S 0 0 0 F F 0 1 
1 0 0 0 0 0 0 1 
1 1 1 1 1 1 1 1 
u53 p14 T7

Map
1 1 1 1 1 1 1 1 
1 0 0 1 0 F F G 
1 0 0 F 0 0 0 1 
1 0 1 0 # 0 # S 
1 # 0 0 1 # 1 1 
1 0 0 # 0 0 0 1 
1 H 0 F 1 1 0 1 
1 1 1 1 1 1 1 1 
U42 d53 T8

Map
1 1 1 1 1 1 1 1 
1 0 0 # H F 0 1 
S 0 0 0 0 0 0 1 
1 0 0 F 0 H 1 1 
1 0 0 0 F 0 # 1 
1 0 0 0 0 0 0 1 
1 0 0 0 F F 0 1 
1 1 1 1 1 G 1 1 
p14 P65 T6

Map
1 1 1 1 1 1 S 1 
1 # 0 0 F 0 0 1 
1 0 # 0 0 0 0 1 
1 F 0 0 0 0 0 1 
1 F 0 0 0 F F 1 
1 0 # F 0 # 0 G 
1 0 0 0 # 0 # 1 
1 1 1 1 1 1 1 1 
p56 d51 T6

Map
1 1 1 1 1 1 1 1 
1 1 1 1 1 1 1 1 
1 1 # 0 0 0 1 1 
1 1 0 1 0 0 1 1 
1 G 0 0 1 0 1 1 
1 1 H 1 0 0 1 1 
1 1 1 1 1 S 1 1 
1 1 1 1 1 1 1 1 
R24 P34 T4

Map
1 1 1 1 1 1 1 1 
1 1 G 1 1 1 1 1 
1 1 0 0 1 0 1 1 
1 1 F 0 0 0 1 1 
1 1 H 1 0 0 1 1 
1 1 0 0 F 0 1 1 
1 1 1 S 1 1 1 1 
1 1 1 1 1 1 1 1 
U33 L53 T5

Map
1 1 1 1 1 1 1 1 
1 1 1 1 1 S 1 1 
1 1 0 H H 0 1 1 
1 1 H 0 0 0 1 1 
1 1 0 0 0 0 1 1 
1 1 0 F 0 F G 1 
1 1 1 1 1 1 1 1 
1 1 1 1 1 1 1 1 
P33 P54 T4

Map
1 1 1 1 1 1 1 1 
1 1 1 1 1 1 1 1 
1 1 0 0 H 0 1 1 
1 G 0 0 H 0 1 1 
1 1 0 H 0 0 S 1 
1 1 0 0 0 0 1 1 
1 1 1 1 1 1 1 1 
1 1 1 1 1 1 1 1 
P22 P44 T5

Map
1 1 1 1 1 1 1 1 
1 1 1 1 1 1 1 1 
1 1 0 0 0 0 1 1 
1 G 0 H 0 0 S 1 
1 1 0 0 1 H 1 1 
1 1 0 0 0 0 1 1 
1 1 1 1 1 1 1 1 
1 1 1 1 1 1 1 1 
P43 P24 T5

Map
1 1 1 1 1 1 1 1 
1 1 1 1 1 G 1 1 
1 1 F H 0 0 1 1 
1 1 0 0 0 # 1 1 
1 1 0 0 F 1 1 1 
1 1 0 0 0 0 1 1 
1 1 S 1 1 1 1 1 
1 1 1 1 1 1 1 1 
U45 P24 T4

Map
1 1 1 1 1 1 1 1 
1 1 1 G 1 1 1 1 
1 1 0 0 H H 1 1 
1 1 0 1 0 0 1 1 
1 1 0 0 H 0 1 1 
1 1 1 0 0 0 1 1 
1 1 1 1 1 S 1 1 
1 1 1 1 1 1 1 1 
U32 P54 T6

Map
1 1 1 1 1 1 1 1 
1 1 1 1 1 1 1 1 
1 1 0 0 0 0 1 1 
1 S 0 H 0 0 1 1 
1 1 0 H 0 0 1 1 
1 1 0 0 F 0 1 1 
1 1 1 G 1 1 1 1 
1 1 1 1 1 1 1 1 
D35 U23 T4

Map
1 1 1 1 1 1 1 1 
1 1 1 1 1 1 1 1 
1 1 H 0 0 0 G 1 
1 1 0 0 0 0 1 1 
1 S # 0 H H 1 1 
1 1 0 0 0 0 1 1 
1 1 1 1 1 1 1 1 
1 1 1 1 1 1 1 1 
R23 P34 T4

Map
1 1 1 1 1 1 1 1 
1 1 1 1 1 1 1 1 
1 1 0 0 0 0 1 1 
1 1 0 0 0 H 1 1 
1 1 0 0 F 0 1 1 
1 1 0 # 0 0 1 1 
1 1 1 1 G S 1 1 
1 1 1 1 1 1 1 1 
P52 P54 T5

Map
1 1 1 1 1 1 1 1 
1 1 1 1 1 1 1 1 
1 1 0 0 1 0 1 1 
1 1 0 H 0 0 1 1 
1 1 0 0 0 0 1 1 
1 1 0 0 0 H 1 1 
1 1 S 1 G 1 1 1 
1 1 1 1 1 1 1 1 
U45 P44 T4

Map
1 1 1 1 1 1 1 1 
1 1 1 1 1 1 1 1 
1 1 0 0 0 # 1 1 
1 1 0 H 0 0 S 1 
1 1 0 # # 0 1 1 
1 1 0 0 0 H 1 1 
1 1 1 G 1 1 1 1 
1 1 1 1 1 1 1 1 
U43 P45 T5

Map
1 1 1 1 1 1 1 1 
1 1 1 1 1 1 1 1 
1 1 0 0 # 0 1 1 
1 S 0 F 0 0 1 1 
1 1 0 0 0 # 1 1 
1 1 0 F 0 F 1 1 
1 1 1 G 1 1 1 1 
1 1 1 1 1 1 1 1 
R24 P44 T5

Map
1 1 1 1 1 1 1 1 
1 1 1 G 1 1 1 1 
1 1 # 0 0 0 1 1 
1 1 H 0 0 0 1 1 
1 1 0 0 0 0 1 1 
1 S F F 0 0 1 1 
1 1 1 1 1 1 1 1 
1 1 1 1 1 1 1 1 
P33 D32 T4

Map
1 1 1 1 1 1 1 1 
1 1 1 1 1 1 1 1 
1 1 0 1 H 0 1 1 
1 G F 0 0 0 1 1 
1 1 0 0 0 0 1 1 
1 1 0 0 # 0 1 1 
1 1 1 1 S 1 1 1 
1 1 1 1 1 1 1 1 
P52 P44 T4

Map
1 1 1 1 1 1 1 1 
1 1 1 1 1 1 1 1 
1 S 0 0 0 H 1 1 
1 1 H H 0 0 1 1 
1 1 0 0 0 0 1 1 
1 1 0 0 F 0 1 1 
1 1 G 1 1 1 1 1 
1 1 1 1 1 1 1 1 
P44 D42 T5

Map
1 1 1 1 1 1 1 1 
1 1 1 1 S 1 1 1 
1 1 0 0 0 0 1 1 
1 1 0 0 F 0 G 1 
1 1 0 0 0 H 1 1 
1 1 0 H 0 0 1 1 
1 1 1 1 1 1 1 1 
1 1 1 1 1 1 1 1 
R53 P45 T5

Map
1 1 1 1 1 1 1 1 
1 1 G 1 1 1 1 1 
1 1 0 0 1 0 1 1 
1 1 H F H # 1 1 
1 1 F F 1 0 1 1 
1 1 0 0 0 F 1 1 
1 1 S 1 1 1 1 1 
1 1 1 1 1 1 1 1 
P45 R25 T4

Map
1 1 1 1 1 1 1 1 
1 1 1 1 1 1 1 1 
1 1 0 0 0 0 1 1 
1 1 F 0 0 0 S 1 
1 1 # 0 0 0 G 1 
1 1 0 F 0 0 1 1 
1 1 1 1 1 1 1 1 
1 1 1 1 1 1 1 1 
U33 P25 T4

Map
1 1 1 1 1 1 1 1 
1 1 1 1 1 1 1 1 
1 1 0 0 0 F 1 1 
1 1 0 0 # 0 1 1 
1 S 0 0 H 0 1 1 
1 1 0 0 0 0 1 1 
1 1 1 1 G 1 1 1 
1 1 1 1 1 1 1 1 
D45 U34 T4

Map
1 1 1 1 1 1 1 1 
1 1 1 1 1 1 1 1 
1 1 0 0 H 0 G 1 
1 1 0 # 0 0 1 1 
1 S 0 0 0 H 1 1 
1 1 # # H F 1 1 
1 1 1 1 1 1 1 1 
1 1 1 1 1 1 1 1 
D32 P34 T6

Map
1 1 1 1 1 1 1 1 
1 1 1 1 S 1 1 1 
1 1 F 0 0 0 1 1 
1 1 0 0 0 0 1 1 
1 1 0 # 0 0 G 1 
1 1 0 0 F 0 1 1 
1 1 1 1 1 1 1 1 
1 1 1 1 1 1 1 1 
P43 P55 T4

Map
1 1 1 1 1 1 1 1 
1 1 1 G 1 1 1 1 
1 1 0 0 F 0 1 1 
1 1 0 0 # F 1 1 
1 S 0 H 0 0 1 1 
1 1 0 F 0 0 1 1 
1 1 1 1 1 1 1 1 
1 1 1 1 1 1 1 1 
U32 D24 T4

Map
1 1 1 1 1 1 1 1 
1 1 1 1 1 1 1 1 
1 1 0 0 H 0 1 1 
1 1 0 0 0 # 1 1 
1 1 0 0 0 1 1 1 
1 S 0 # # 0 1 1 
1 1 1 G 1 1 1 1 
1 1 1 1 1 1 1 1 
P43 R23 T4

Map
1 1 1 1 1 1 1 1 
1 1 1 1 1 1 1 1 
1 S 0 0 0 F 1 1 
1 1 # 0 H F 1 1 
1 1 0 0 0 0 1 1 
1 1 0 0 0 0 1 1 
1 1 1 1 G 1 1 1 
1 1 1 1 1 1 1 1 
P32 P55 T4

Map
1 1 1 1 1 1 1 1 
1 1 1 1 1 1 1 1 
1 1 0 0 0 0 1 1 
1 1 0 H 0 H 1 1 
1 1 0 0 0 0 1 1 
1 1 0 0 0 H 1 1 
1 1 1 S G 1 1 1 
1 1 1 1 1 1 1 1 
L34 P52 T4

Map
1 1 1 1 1 1 1 1 
1 1 1 1 1 1 1 1 
1 1 0 F 0 0 1 1 
1 1 0 0 H 0 1 1 
1 1 0 0 0 0 1 1 
1 1 0 0 0 F 1 1 
1 1 1 G S 1 1 1 
1 1 1 1 1 1 1 1 
R24 P44 T4

Map
1 1 1 1 1 1 1 1 
1 1 1 1 1 1 1 1 
1 1 0 0 H 0 1 1 
1 G 0 0 0 0 1 1 
1 1 H 0 # 0 S 1 
1 1 0 # 0 H 1 1 
1 1 1 1 1 1 1 1 
1 1 1 1 1 1 1 1 
P52 P34 T4

Map
1 1 1 1 1 1 1 1 
1 1 1 G 1 1 1 1 
1 1 0 0 0 0 1 1 
1 1 0 0 0 # 1 1 
1 1 0 H 0 0 1 1 
1 1 0 0 0 0 1 1 
1 1 1 S 1 1 1 1 
1 1 1 1 1 1 1 1 
R35 P22 T4

Map
1 1 1 1 1 1 1 1 
1 1 1 1 1 1 1 1 
1 1 0 0 0 0 1 1 
1 1 0 0 0 0 1 1 
1 S 0 0 H # G 1 
1 1 0 0 1 0 1 1 
1 1 1 1 1 1 1 1 
1 1 1 1 1 1 1 1 
P55 D24 T6

Map
1 1 1 1 1 1 1 1 
1 1 S 1 1 1 1 1 
1 1 0 0 F H 1 1 
1 1 0 # 0 0 G 1 
1 1 F 0 0 0 1 1 
1 1 0 0 0 1 1 1 
1 1 1 1 1 1 1 1 
1 1 1 1 1 1 1 1 
P32 P45 T4

Map
1 1 1 1 1 1 1 1 
1 1 1 1 G 1 1 1 
1 1 0 0 # H 1 1 
1 1 0 0 0 0 1 1 
1 1 0 1 0 0 1 1 
1 1 0 0 H 0 1 1 
1 1 1 S 1 1 1 1 
1 1 1 1 1 1 1 1 
P22 U43 T4

Map
1 1 1 1 1 1 1 1 
1 1 1 1 S 1 1 1 
1 1 0 0 0 0 1 1 
1 1 0 0 H 0 G 1 
1 1 0 0 0 0 1 1 
1 1 0 0 0 0 1 1 
1 1 1 1 1 1 1 1 
1 1 1 1 1 1 1 1 
L42 P52 T5

Map
1 1 1 1 1 1 1 1 
1 1 1 1 S 1 1 1 
1 1 0 0 0 0 1 1 
1 1 0 0 H 0 G 1 
1 1 0 0 0 0 1 1 
1 1 0 0 0 0 1 1 
1 1 1 1 1 1 1 1 
1 1 1 1 1 1 1 1 
L42 P52 T5

Map
1 1 1 1 1 1 1 1 
1 1 1 1 1 1 1 1 
1 S F F 0 0 1 1 
1 1 # 0 H 0 1 1 
1 G 0 0 0 F 1 1 
1 1 0 0 0 0 1 1 
1 1 1 1 1 1 1 1 
1 1 1 1 1 1 1 1 
P33 U35 T4

Map
1 1 1 1 1 1 1 1 
1 1 1 S 1 1 1 1 
1 1 0 0 0 0 1 1 
1 1 # 0 0 0 1 1 
1 1 0 0 0 0 G 1 
1 1 0 F F 0 1 1 
1 1 1 1 1 1 1 1 
1 1 1 1 1 1 1 1 
P33 P25 T4

Map
1 1 1 1 1 1 1 1 
1 1 1 G 1 1 1 1 
1 1 0 0 0 0 1 1 
1 1 F H F 0 1 1 
1 1 0 0 H 0 1 1 
1 1 0 0 # 0 1 1 
1 1 1 S 1 1 1 1 
1 1 1 1 1 1 1 1 
P34 U32 T4

Map
1 1 1 1 1 1 1 1 
1 1 1 1 1 1 1 1 
1 1 0 0 F 0 G 1 
1 1 0 0 0 0 1 1 
1 1 0 1 0 0 1 1 
1 1 H 0 0 F 1 1 
1 1 1 S 1 1 1 1 
1 1 1 1 1 1 1 1 
R43 U45 T4

Map
1 1 1 1 1 1 1 1 
1 1 1 1 1 1 1 1 
1 1 F 0 0 0 G 1 
1 1 0 0 # 1 1 1 
1 1 0 F 0 0 1 1 
1 1 0 F 1 0 1 1 
1 1 S 1 1 1 1 1 
1 1 1 1 1 1 1 1 
P23 P54 T4

Map
1 1 1 1 1 1 1 1 
1 1 1 1 G 1 1 1 
1 1 0 0 0 # 1 1 
1 1 F 0 H H 1 1 
1 1 0 F 0 0 1 1 
1 S F F 0 0 1 1 
1 1 1 1 1 1 1 1 
1 1 1 1 1 1 1 1 
U42 L54 T4

Map
1 1 1 1 1 1 1 1 
1 1 1 1 1 1 1 1 
1 1 # F 0 0 1 1 
1 1 0 0 0 0 1 1 
1 1 F 0 0 0 1 1 
1 1 H # 0 0 1 1 
1 1 1 S G 1 1 1 
1 1 1 1 1 1 1 1 
P52 L33 T4

Map
1 1 1 1 1 1 1 1 
1 1 1 1 1 1 1 1 
1 1 # 0 0 0 1 1 
1 1 0 0 F 0 1 1 
1 S 0 0 H 0 1 1 
1 1 0 0 0 0 1 1 
1 1 1 1 G 1 1 1 
1 1 1 1 1 1 1 1 
P35 U24 T5

Map
1 1 1 1 1 1 1 1 
1 1 1 1 G 1 1 1 
1 S 0 0 F 0 1 1 
1 1 H 0 F 0 1 1 
1 1 0 0 0 0 1 1 
1 1 1 0 0 # 1 1 
1 1 1 1 1 1 1 1 
1 1 1 1 1 1 1 1 
D32 P35 T5

Map
1 1 1 1 1 1 1 1 
1 1 S 1 1 1 1 1 
1 1 # # 0 0 1 1 
1 1 0 H 0 0 G 1 
1 1 0 1 0 H 1 1 
1 1 0 0 0 F 1 1 
1 1 1 1 1 1 1 1 
1 1 1 1 1 1 1 1 
L53 P43 T5

Map
1 1 1 1 1 1 1 1 
1 1 1 1 1 1 1 1 
1 1 H 0 0 0 S 1 
1 1 H 0 0 0 1 1 
1 1 0 0 F 0 1 1 
1 G 0 0 H 0 1 1 
1 1 1 1 1 1 1 1 
1 1 1 1 1 1 1 1 
L54 P42 T4

Map
1 1 1 1 1 1 1 1 
1 1 1 G 1 1 1 1 
1 1 0 0 0 0 1 1 
1 1 0 F 0 0 1 1 
1 1 0 H 0 0 S 1 
1 1 0 0 0 0 1 1 
1 1 1 1 1 1 1 1 
1 1 1 1 1 1 1 1 
D44 U32 T4

Map
1 1 1 1 1 1 1 1 
1 1 1 1 1 1 1 1 
1 1 0 0 0 0 1 1 
1 1 0 H 0 0 1 1 
1 1 0 1 0 F G 1 
1 1 0 0 0 0 1 1 
1 1 1 S 1 1 1 1 
1 1 1 1 1 1 1 1 
P43 P55 T4

Map
1 1 1 1 1 1 1 1 
1 1 1 S 1 1 1 1 
1 1 0 F 0 0 1 1 
1 1 0 0 0 0 1 1 
1 1 F 0 0 0 G 1 
1 1 0 F 0 0 1 1 
1 1 1 1 1 1 1 1 
1 1 1 1 1 1 1 1 
P53 L33 T5

Map
1 1 1 1 1 1 1 1 
1 1 1 1 S 1 1 1 
1 1 0 0 0 0 1 1 
1 1 0 0 0 0 1 1 
1 1 0 0 H 0 G 1 
1 1 0 0 0 0 1 1 
1 1 1 1 1 1 1 1 
1 1 1 1 1 1 1 1 
L42 P53 T5

Map
1 1 1 1 1 1 1 1 
1 1 1 1 1 1 1 1 
1 1 0 0 0 0 1 1 
1 1 1 0 0 0 1 1 
1 1 0 0 # 0 1 1 
1 G 0 H 0 0 S 1 
1 1 1 1 1 1 1 1 
1 1 1 1 1 1 1 1 
P45 L54 T4

Map
1 1 1 1 1 1 1 1 
1 1 1 1 1 1 1 1 
1 1 0 0 0 0 1 1 
1 1 0 F 0 0 1 1 
1 1 F 1 0 0 1 1 
1 S # 0 0 H 1 1 
1 1 1 1 G 1 1 1 
1 1 1 1 1 1 1 1 
L35 P52 T4

Map
1 1 1 1 1 1 1 1 
1 1 1 1 1 1 1 1 
1 1 0 0 0 1 1 1 
1 1 0 0 1 0 1 1 
1 1 H 0 0 # S 1 
1 1 0 0 0 0 1 1 
1 1 1 G 1 1 1 1 
1 1 1 1 1 1 1 1 
R34 P25 T4

Map
1 1 1 1 1 1 1 1 
1 1 1 1 S 1 1 1 
1 1 0 0 0 0 1 1 
1 1 0 0 0 0 1 1 
1 1 0 F H 0 1 1 
1 1 0 0 0 0 1 1 
1 1 1 1 G 1 1 1 
1 1 1 1 1 1 1 1 
P55 L42 T4

Map
1 1 1 1 1 1 1 1 
1 1 1 1 1 1 1 1 
1 1 # H # 0 1 1 
1 1 0 H 0 0 1 1 
1 G 0 H 0 0 S 1 
1 1 0 # 0 0 1 1 
1 1 1 1 1 1 1 1 
1 1 1 1 1 1 1 1 
P23 D44 T4

Map
1 1 1 1 1 1 1 1 
1 1 G 1 S 1 1 1 
1 1 0 0 F 0 1 1 
1 1 H 0 0 0 1 1 
1 1 0 0 0 0 1 1 
1 1 H 0 F 0 1 1 
1 1 1 1 1 1 1 1 
1 1 1 1 1 1 1 1 
P44 U33 T4

Map
1 1 1 1 1 1 1 1 
1 1 1 1 1 1 1 1 
1 G 0 0 H 0 1 1 
1 1 0 0 0 # 1 1 
1 1 F 0 0 # 1 1 
1 1 0 0 F 0 1 1 
1 1 1 1 S 1 1 1 
1 1 1 1 1 1 1 1 
P43 D34 T5

Map
1 1 1 1 1 1 1 1 
1 1 1 1 1 1 1 1 
1 1 0 0 # 0 1 1 
1 1 0 # 0 0 G 1 
1 1 1 0 H 0 1 1 
1 1 0 # 0 0 1 1 
1 1 1 1 S 1 1 1 
1 1 1 1 1 1 1 1 
P25 L45 T5

Map
1 1 1 1 1 1 1 1 
1 1 1 1 1 1 1 1 
1 S 0 0 0 H 1 1 
1 1 0 H 0 0 1 1 
1 1 0 0 0 0 1 1 
1 1 0 0 0 F 1 1 
1 1 1 1 1 G 1 1 
1 1 1 1 1 1 1 1 
P32 P25 T4

Map
1 1 1 1 1 1 1 1 
1 1 1 G 1 1 1 1 
1 1 0 0 F 0 1 1 
1 1 0 0 0 0 1 1 
1 1 0 0 0 0 1 1 
1 1 0 0 0 0 1 1 
1 1 1 1 S 1 1 1 
1 1 1 1 1 1 1 1 
P22 R43 T4

Map
1 1 1 1 1 1 1 1 
1 1 1 1 1 1 1 1 
1 1 1 0 0 0 1 1 
1 1 F F F 0 S 1 
1 1 F 0 0 0 G 1 
1 1 0 0 0 0 1 1 
1 1 1 1 1 1 1 1 
1 1 1 1 1 1 1 1 
P35 U53 T4

Map
1 1 1 1 1 1 1 1 
1 1 1 S 1 1 1 1 
1 1 0 0 H 0 1 1 
1 1 0 0 0 0 1 1 
1 1 0 H 0 0 1 1 
1 1 0 0 0 0 1 1 
1 1 1 G 1 1 1 1 
1 1 1 1 1 1 1 1 
P25 R33 T4

Map
1 1 1 1 1 1 1 1 
1 1 1 1 1 1 1 1 
1 1 H H 0 0 1 1 
1 1 0 H 0 0 1 1 
1 1 0 0 0 # 1 1 
1 1 0 F 0 0 G 1 
1 1 1 S 1 1 1 1 
1 1 1 1 1 1 1 1 
L34 P24 T4

Map
1 1 1 1 1 1 1 1 
1 1 1 1 1 1 1 1 
1 1 0 0 0 0 1 1 
1 G 0 0 0 0 1 1 
1 1 0 H 0 0 S 1 
1 1 0 0 H 0 1 1 
1 1 1 1 1 1 1 1 
1 1 1 1 1 1 1 1 
P44 D42 T4

Map
1 1 1 1 1 1 1 1 
1 1 1 1 1 1 1 1 
1 1 0 0 0 0 1 1 
1 1 F H 1 0 G 1 
1 1 0 0 0 F 1 1 
1 S 0 0 F 1 1 1 
1 1 1 1 1 1 1 1 
1 1 1 1 1 1 1 1 
R53 P35 T4

Map
1 1 1 1 1 1 1 1 
1 1 G 1 1 1 1 1 
1 1 0 0 0 0 1 1 
1 S 0 0 0 F 1 1 
1 1 H 0 0 0 1 1 
1 1 0 0 0 H 1 1 
1 1 1 1 1 1 1 1 
1 1 1 1 1 1 1 1 
D33 R34 T4

Map
1 1 1 1 1 1 1 1 
1 1 S 1 1 1 1 1 
1 1 0 0 0 0 1 1 
1 1 0 0 0 0 1 1 
1 1 H 0 0 0 G 1 
1 1 0 0 0 0 1 1 
1 1 1 1 1 1 1 1 
1 1 1 1 1 1 1 1 
P23 P55 T4

Map
1 1 1 1 1 1 1 1 
1 1 1 1 1 1 1 1 
1 1 0 0 1 0 1 1 
1 G 0 1 0 0 1 1 
1 1 0 0 H 0 S 1 
1 1 0 0 0 0 1 1 
1 1 1 1 1 1 1 1 
1 1 1 1 1 1 1 1 
D54 P22 T4

Map
1 1 1 1 1 1 1 1 
1 1 1 G 1 1 1 1 
1 1 0 0 0 0 1 1 
1 1 0 H 0 H 1 1 
1 1 0 0 0 0 1 1 
1 1 0 0 0 0 1 1 
1 1 1 S 1 1 1 1 
1 1 1 1 1 1 1 1 
P42 P34 T5

Map
1 1 1 1 1 1 1 1 
1 1 1 1 1 1 1 1 
1 1 F 0 0 0 1 1 
1 G 0 F 0 0 1 1 
1 1 0 0 0 0 1 1 
1 1 F 0 0 0 1 1 
1 1 1 S 1 1 1 1 
1 1 1 1 1 1 1 1 
P52 P34 T4

Map
1 1 1 1 1 1 1 1 
1 1 1 1 1 1 1 1 
1 1 # 0 0 1 1 1 
1 1 F 1 0 H 1 1 
1 1 0 H 0 0 1 1 
1 G 0 0 0 F 1 1 
1 1 1 S 1 1 1 1 
1 1 1 1 1 1 1 1 
U45 R35 T4

Map
1 1 1 1 1 1 1 1 
1 1 1 1 1 1 1 1 
1 S 0 H 0 0 1 1 
1 1 0 # 0 0 1 1 
1 1 F F # 0 G 1 
1 1 0 F 0 0 1 1 
1 1 1 1 1 1 1 1 
1 1 1 1 1 1 1 1 
P53 D22 T4

Map
1 1 1 1 1 1 1 1 
1 1 1 G 1 1 1 1 
1 1 0 0 0 0 1 1 
1 1 0 0 0 0 1 1 
1 1 H 0 0 0 S 1 
1 1 0 0 0 H 1 1 
1 1 1 1 1 1 1 1 
1 1 1 1 1 1 1 1 
P22 P34 T4

Map
1 1 1 1 1 1 1 1 
1 1 1 1 S 1 1 1 
1 1 0 0 0 0 1 1 
1 1 0 0 0 0 1 1 
1 1 0 0 H 0 1 1 
1 1 0 0 0 0 1 1 
1 1 1 G 1 1 1 1 
1 1 1 1 1 1 1 1 
R42 P25 T4

Map
1 1 1 1 1 1 1 1 
1 1 1 S 1 1 1 1 
1 G 0 0 0 0 1 1 
1 1 0 H 0 0 1 1 
1 1 0 0 0 0 1 1 
1 1 0 0 0 H 1 1 
1 1 1 1 1 1 1 1 
1 1 1 1 1 1 1 1 
D42 R32 T4

Map
1 1 1 1 1 1 1 1 
1 1 1 G 1 1 1 1 
1 1 0 0 0 0 1 1 
1 1 0 0 1 0 1 1 
1 S 0 H # 0 1 1 
1 1 0 0 0 0 1 1 
1 1 1 1 1 1 1 1 
1 1 1 1 1 1 1 1 
D24 R23 T6

Map
1 1 1 1 1 1 1 1 
1 1 S 1 1 1 1 1 
1 1 0 0 0 0 1 1 
1 1 0 0 F 0 1 1 
1 G 0 0 0 0 1 1 
1 1 F 1 # H 1 1 
1 1 1 1 1 1 1 1 
1 1 1 1 1 1 1 1 
P42 P23 T4

Map
1 1 1 1 1 1 1 1 
1 1 1 1 1 1 1 1 
1 G # 0 0 H 1 1 
1 1 H 0 0 0 1 1 
1 1 0 0 0 0 1 1 
1 1 0 0 H # 1 1 
1 1 1 1 1 S 1 1 
1 1 1 1 1 1 1 1 
P53 P24 T4

Map
1 1 1 1 1 1 1 1 
1 1 1 1 1 1 1 1 
1 1 F F H 0 G 1 
1 1 0 0 0 0 1 1 
1 1 0 0 F H 1 1 
1 1 0 0 0 F 1 1 
1 1 1 1 S 1 1 1 
1 1 1 1 1 1 1 1 
P33 L43 T4

Map
1 1 1 1 1 1 1 1 
1 1 1 1 1 1 1 1 
1 1 H 0 0 0 1 1 
1 1 0 0 0 0 1 1 
1 1 H 0 H 0 1 1 
1 1 0 0 0 0 G 1 
1 1 1 1 S 1 1 1 
1 1 1 1 1 1 1 1 
L45 U35 T4

Map
1 1 1 1 1 1 1 1 
1 1 1 1 G 1 1 1 
1 1 0 1 0 0 1 1 
1 1 H 0 0 # 1 1 
1 1 H 0 H # 1 1 
1 1 0 0 0 1 1 1 
1 1 1 1 S 1 1 1 
1 1 1 1 1 1 1 1 
P25 L45 T6

Map
1 1 1 1 1 1 1 1 
1 1 1 1 G 1 1 1 
1 1 0 0 0 0 1 1 
1 1 0 0 H # 1 1 
1 1 0 0 0 0 1 1 
1 1 F 0 0 0 1 1 
1 1 1 1 S 1 1 1 
1 1 1 1 1 1 1 1 
R44 P32 T4

Map
1 1 1 1 1 1 1 1 
1 1 1 S 1 1 1 1 
1 1 0 0 0 H 1 1 
1 1 0 0 0 0 1 1 
1 1 0 0 0 0 1 1 
1 1 0 H 0 0 1 1 
1 1 1 1 1 G 1 1 
1 1 1 1 1 1 1 1 
D42 L33 T5

Map
1 1 1 1 1 1 1 1 
1 1 1 1 1 S 1 1 
1 1 0 0 0 0 1 1 
1 1 F # 0 0 1 1 
1 1 0 0 0 0 G 1 
1 1 0 0 H H 1 1 
1 1 1 1 1 1 1 1 
1 1 1 1 1 1 1 1 
P53 P25 T4

Map
1 1 1 1 1 1 1 1 
1 1 1 1 1 1 1 1 
1 1 0 0 F 0 1 1 
1 1 0 0 0 0 1 1 
1 1 0 0 0 0 1 1 
1 1 0 H 0 0 S 1 
1 1 1 1 1 G 1 1 
1 1 1 1 1 1 1 1 
U45 L43 T4

Map
1 1 1 1 1 1 1 1 
1 1 1 1 1 1 1 1 
1 1 F H 0 0 1 1 
1 S 0 0 0 F 1 1 
1 1 0 0 0 0 G 1 
1 1 0 0 0 0 1 1 
1 1 1 1 1 1 1 1 
1 1 1 1 1 1 1 1 
U43 P55 T4

Map
1 1 1 1 1 1 1 1 
1 1 1 S 1 1 1 1 
1 1 0 0 0 1 1 1 
1 1 0 H 0 0 1 1 
1 1 0 0 H 0 G 1 
1 1 0 0 0 0 1 1 
1 1 1 1 1 1 1 1 
1 1 1 1 1 1 1 1 
P53 L32 T5

Map
1 1 1 1 1 1 1 1 
1 1 1 S 1 1 1 1 
1 1 0 0 0 H 1 1 
1 1 H 0 0 0 1 1 
1 1 0 0 1 0 G 1 
1 1 0 1 0 0 1 1 
1 1 1 1 1 1 1 1 
1 1 1 1 1 1 1 1 
P55 D42 T6

Map
1 1 1 1 1 1 1 1 
1 1 1 1 1 1 1 1 
1 S 0 0 0 H 1 1 
1 1 0 # 0 0 1 1 
1 1 0 # 0 0 1 1 
1 1 0 F 0 0 1 1 
1 1 1 1 G 1 1 1 
1 1 1 1 1 1 1 1 
P32 P55 T4

Map
1 1 1 1 1 1 1 1 
1 1 1 1 1 G 1 1 
1 1 F 0 0 0 1 1 
1 1 F 0 # 1 1 1 
1 1 0 H 0 0 1 1 
1 1 0 0 # 0 1 1 
1 1 S 1 1 1 1 1 
1 1 1 1 1 1 1 1 
P55 R25 T4

Map
1 1 1 1 1 1 1 1 
1 1 1 1 1 1 1 1 
1 1 0 # 0 0 1 1 
1 1 0 H 0 0 1 1 
1 1 0 0 H 0 1 1 
1 1 0 # 0 0 1 1 
1 1 1 S G 1 1 1 
1 1 1 1 1 1 1 1 
L34 P55 T4

Map
1 1 1 1 1 1 1 1 
1 1 1 1 S 1 1 1 
1 1 0 0 0 0 1 1 
1 G 0 0 H 0 1 1 
1 1 0 0 0 0 1 1 
1 1 0 0 0 # 1 1 
1 1 1 1 1 1 1 1 
1 1 1 1 1 1 1 1 
P22 R42 T5

Map
1 1 1 1 1 1 1 1 
1 1 1 1 S 1 1 1 
1 1 F 1 0 0 1 1 
1 1 0 0 0 0 1 1 
1 1 F 0 H 0 1 1 
1 1 0 0 0 0 1 1 
1 1 1 1 G 1 1 1 
1 1 1 1 1 1 1 1 
P55 L43 T4

Map
1 1 1 1 1 1 1 1 
1 1 1 1 1 1 1 1 
1 S 0 0 0 0 1 1 
1 1 0 0 H 0 1 1 
1 1 0 0 0 0 1 1 
1 1 0 0 0 H 1 1 
1 1 1 1 G 1 1 1 
1 1 1 1 1 1 1 1 
P54 P25 T5

Map
1 1 1 1 1 1 1 1 
1 1 1 G 1 1 1 1 
1 1 # 0 F 0 1 1 
1 1 0 0 0 H 1 1 
1 S 0 0 # 0 1 1 
1 1 0 H 0 0 1 1 
1 1 1 1 1 1 1 1 
1 1 1 1 1 1 1 1 
P33 D32 T5

Map
1 1 1 1 1 1 1 1 
1 1 1 1 1 1 1 1 
1 1 0 0 0 0 1 1 
1 G 0 # 0 0 1 1 
1 1 0 0 H 0 S 1 
1 1 0 0 F 0 1 1 
1 1 1 1 1 1 1 1 
1 1 1 1 1 1 1 1 
D54 P22 T4

Map
1 1 1 1 1 1 1 1 
1 1 1 1 1 1 1 1 
1 1 0 H 0 0 1 1 
1 1 0 0 # 0 1 1 
1 1 0 0 0 # 1 1 
1 S 0 0 H 0 1 1 
1 1 1 1 1 G 1 1 
1 1 1 1 1 1 1 1 
P22 P35 T4

Map
1 1 1 1 1 1 1 1 
1 1 1 1 1 1 1 1 
1 1 0 0 0 0 1 1 
1 1 0 0 0 0 1 1 
1 G 0 H 0 0 S 1 
1 1 0 0 0 H 1 1 
1 1 1 1 1 1 1 1 
1 1 1 1 1 1 1 1 
L24 P44 T4

Map
1 1 1 1 1 1 1 1 
1 1 1 1 G 1 1 1 
1 1 0 H 0 0 1 1 
1 1 0 0 0 0 1 1 
1 1 H 0 0 0 1 1 
1 1 0 0 0 0 1 1 
1 1 1 S 1 1 1 1 
1 1 1 1 1 1 1 1 
L53 P33 T4

Map
1 1 1 1 1 1 1 1 
1 1 1 1 1 1 1 1 
1 1 0 0 0 0 S 1 
1 1 # H 0 0 G 1 
1 1 0 0 # F 1 1 
1 1 H 0 0 H 1 1 
1 1 1 1 1 1 1 1 
1 1 1 1 1 1 1 1 
L53 P43 T4

Map
1 1 1 1 1 1 1 1 
1 1 1 1 1 1 1 1 
1 1 0 0 0 0 1 1 
1 1 0 1 0 0 1 1 
1 S # 0 H 0 G 1 
1 1 0 0 0 0 1 1 
1 1 1 1 1 1 1 1 
1 1 1 1 1 1 1 1 
L34 P53 T5

Map
1 1 1 1 1 1 1 1 
1 1 1 1 1 1 1 1 
1 1 0 0 0 0 1 1 
1 1 0 0 H # 1 1 
1 G 0 0 H 0 S 1 
1 1 0 0 0 0 1 1 
1 1 1 1 1 1 1 1 
1 1 1 1 1 1 1 1 
P23 D54 T4

Map
1 1 1 1 1 1 1 1 
1 1 1 1 1 1 1 1 
1 1 0 0 0 # 1 1 
1 G 0 0 0 0 1 1 
1 1 F 0 H 0 S 1 
1 1 0 0 0 0 1 1 
1 1 1 1 1 1 1 1 
1 1 1 1 1 1 1 1 
P22 U54 T6

Map
1 1 1 1 1 1 1 1 
1 1 1 1 1 1 1 1 
1 1 # F F 0 1 1 
1 1 F 0 0 F 1 1 
1 G 0 1 0 0 1 1 
1 1 0 0 # 0 1 1 
1 1 1 1 S 1 1 1 
1 1 1 1 1 1 1 1 
P43 P25 T6

Map
1 1 1 1 1 1 1 1 
1 1 1 1 1 1 1 1 
1 1 # # 0 0 1 1 
1 G 0 H 0 F 1 1 
1 1 0 0 F # 1 1 
1 1 F F 0 0 1 1 
1 1 1 S 1 1 1 1 
1 1 1 1 1 1 1 1 
P24 L34 T6

Map
1 1 1 1 1 1 1 1 
1 1 1 1 1 1 1 1 
1 1 # 0 0 0 1 1 
1 G 0 0 H 0 1 1 
1 1 0 0 0 0 1 1 
1 1 0 0 0 0 1 1 
1 1 1 1 S 1 1 1 
1 1 1 1 1 1 1 1 
P24 P44 T6

Map
1 1 1 1 1 1 1 1 
1 1 1 1 S 1 1 1 
1 1 0 0 0 F 1 1 
1 1 1 F 0 1 1 1 
1 G 0 F H 0 1 1 
1 1 0 0 0 F 1 1 
1 1 1 1 1 1 1 1 
1 1 1 1 1 1 1 1 
P22 P43 T6

Map
1 1 1 1 1 1 1 1 
1 1 1 1 G 1 1 1 
1 1 F # 0 H 1 1 
1 1 0 0 1 0 S 1 
1 1 0 0 0 0 1 1 
1 1 0 0 0 0 1 1 
1 1 1 1 1 1 1 1 
1 1 1 1 1 1 1 1 
U42 R23 T6

Map
1 1 1 1 1 1 1 1 
1 1 1 1 1 1 1 1 
1 1 0 0 1 0 1 1 
1 1 0 0 F 1 1 1 
1 S # # 0 H 1 1 
1 1 H 0 0 0 1 1 
1 1 1 1 G 1 1 1 
1 1 1 1 1 1 1 1 
P55 L44 T6

Map
1 1 1 1 1 1 1 1 
1 1 1 1 1 1 1 1 
1 S 0 0 0 1 1 1 
1 1 0 0 1 0 1 1 
1 1 F 0 0 0 1 1 
1 1 0 H F 0 G 1 
1 1 1 1 1 1 1 1 
1 1 1 1 1 1 1 1 
R23 R34 T6

Map
1 1 1 1 1 1 1 1 
1 1 1 1 1 1 1 1 
1 1 0 0 1 0 G 1 
1 1 1 0 0 0 1 1 
1 S 0 0 # H 1 1 
1 1 0 0 0 0 1 1 
1 1 1 1 1 1 1 1 
1 1 1 1 1 1 1 1 
D24 P55 T6

Map
1 1 1 1 1 1 1 1 
1 1 1 1 1 1 1 1 
1 1 # 0 0 0 S 1 
1 1 H 0 0 0 1 1 
1 1 # 0 0 0 1 1 
1 1 # 0 0 0 1 1 
1 1 1 G 1 1 1 1 
1 1 1 1 1 1 1 1 
L54 P45 T6

Map
1 1 1 1 1 1 1 1 
1 1 1 G 1 1 1 1 
1 1 0 0 0 0 1 1 
1 1 1 1 0 0 1 1 
1 1 0 H 0 H 1 1 
1 1 0 0 0 0 1 1 
1 1 S 1 1 1 1 1 
1 1 1 1 1 1 1 1 
P22 P55 T6

Map
1 1 1 1 1 1 1 1 
1 1 1 1 1 S 1 1 
1 1 H 0 0 0 1 1 
1 1 0 # 0 1 1 1 
1 1 0 0 H # 1 1 
1 1 0 0 # 0 1 1 
1 1 1 1 1 G 1 1 
1 1 1 1 1 1 1 1 
P32 L43 T6

Map
1 1 1 1 1 1 1 1 
1 1 1 S 1 1 1 1 
1 1 H F 0 0 1 1 
1 1 0 0 0 F 1 1 
1 1 F 0 0 0 G 1 
1 1 0 F 0 0 1 1 
1 1 1 1 1 1 1 1 
1 1 1 1 1 1 1 1 
P34 P55 T8

Map
1 1 1 1 1 1 1 1 
1 1 1 1 S 1 1 1 
1 1 0 H # 0 1 1 
1 G 0 0 0 0 1 1 
1 1 0 H H 0 1 1 
1 1 0 0 0 0 1 1 
1 1 1 1 1 1 1 1 
1 1 1 1 1 1 1 1 
P22 P43 T6

Map
1 1 1 1 1 1 1 1 
1 1 1 S 1 1 1 1 
1 1 0 0 0 1 1 1 
1 1 1 0 0 0 1 1 
1 G F 0 1 # 1 1 
1 1 0 # 0 0 1 1 
1 1 1 1 1 1 1 1 
1 1 1 1 1 1 1 1 
P33 P25 T8

Map
1 1 1 1 1 1 1 1 
1 1 1 1 1 1 1 1 
1 1 0 0 0 0 1 1 
1 S # 1 0 1 1 1 
1 1 0 0 0 0 1 1 
1 1 F 0 1 0 1 1 
1 1 1 G 1 1 1 1 
1 1 1 1 1 1 1 1 
P52 P24 T6

Map
1 1 1 1 1 1 1 1 
1 1 1 1 1 1 1 1 
1 1 F 0 0 # 1 1 
1 1 0 0 0 # G 1 
1 1 0 0 0 0 1 1 
1 1 0 H F F 1 1 
1 1 S 1 1 1 1 1 
1 1 1 1 1 1 1 1 
P23 P54 T6

Map
1 1 1 1 1 1 1 1 
1 1 1 1 1 1 1 1 
1 1 H 0 0 0 1 1 
1 S 0 0 H # 1 1 
1 1 0 0 1 0 G 1 
1 1 1 0 0 0 1 1 
1 1 1 1 1 1 1 1 
1 1 1 1 1 1 1 1 
D23 P55 T6

Map
1 1 1 1 1 1 1 1 
1 1 1 G 1 1 1 1 
1 1 0 0 # 0 1 1 
1 S 0 H 0 0 1 1 
1 1 0 0 H # 1 1 
1 1 0 0 0 0 1 1 
1 1 1 1 1 1 1 1 
1 1 1 1 1 1 1 1 
P22 U23 T6

Map
1 1 1 1 1 1 1 1 
1 1 1 1 G 1 1 1 
1 1 0 # 0 0 1 1 
1 1 # 1 H 0 S 1 
1 1 0 0 0 0 1 1 
1 1 0 0 1 1 1 1 
1 1 1 1 1 1 1 1 
1 1 1 1 1 1 1 1 
P52 U53 T6

Map
1 1 1 1 1 1 1 1 
1 1 S 1 1 1 1 1 
1 1 0 # 0 0 1 1 
1 1 0 H 0 H 1 1 
1 G 0 0 F 0 1 1 
1 1 # 0 0 # 1 1 
1 1 1 1 1 1 1 1 
1 1 1 1 1 1 1 1 
P52 P23 T6

Map
1 1 1 1 1 1 1 1 
1 1 1 1 1 1 1 1 
1 1 0 F F 0 1 1 
1 1 0 0 0 F 1 1 
1 1 F 0 H 0 G 1 
1 1 0 0 0 0 1 1 
1 1 1 S 1 1 1 1 
1 1 1 1 1 1 1 1 
P34 P55 T6

Map
1 1 1 1 1 1 1 1 
1 1 1 1 1 1 1 1 
1 1 0 0 0 0 1 1 
1 G 0 0 H 0 S 1 
1 1 F 0 0 0 1 1 
1 1 0 0 0 0 1 1 
1 1 1 1 1 1 1 1 
1 1 1 1 1 1 1 1 
U53 P22 T6

Map
1 1 1 1 1 1 1 1 
1 1 1 1 1 1 1 1 
1 1 0 0 # 0 1 1 
1 1 0 0 1 0 S 1 
1 1 0 0 0 H 1 1 
1 1 0 1 0 # 1 1 
1 1 1 1 1 G 1 1 
1 1 1 1 1 1 1 1 
R24 D44 T6

Map
1 1 1 1 1 1 1 1 
1 1 1 1 S 1 1 1 
1 1 0 0 0 0 1 1 
1 1 0 0 0 0 1 1 
1 1 0 0 H 0 1 1 
1 1 0 # 0 0 1 1 
1 1 1 1 G 1 1 1 
1 1 1 1 1 1 1 1 
P55 R43 T6

Map
1 1 1 1 1 1 1 1 
1 1 1 1 1 1 1 1 
1 1 0 0 0 # 1 1 
1 1 H 0 0 0 S 1 
1 1 0 0 0 # 1 1 
1 G 0 H 0 0 1 1 
1 1 1 1 1 1 1 1 
1 1 1 1 1 1 1 1 
U33 P55 T6

Map
1 1 1 1 1 1 1 1 
1 1 G 1 1 1 1 1 
1 1 0 1 0 0 1 1 
1 1 # 0 0 # 1 1 
1 1 0 H 0 0 S 1 
1 1 H 0 # 0 1 1 
1 1 1 1 1 1 1 1 
1 1 1 1 1 1 1 1 
D44 L43 T6

Map
1 1 1 1 1 1 1 1 
1 1 1 1 S 1 1 1 
1 1 0 0 0 0 1 1 
1 1 F 0 0 0 1 1 
1 1 0 0 H 0 1 1 
1 1 0 F 0 0 1 1 
1 1 1 1 G 1 1 1 
1 1 1 1 1 1 1 1 
R43 P55 T6

Map
1 1 1 1 1 1 1 1 
1 1 1 1 1 1 1 1 
1 1 0 1 0 0 1 1 
1 S 0 0 1 0 G 1 
1 1 0 0 0 0 1 1 
1 1 0 # 0 F 1 1 
1 1 1 1 1 1 1 1 
1 1 1 1 1 1 1 1 
P52 P25 T6

Map
1 1 1 1 1 1 1 1 
1 1 1 1 G 1 1 1 
1 1 0 # # 0 1 1 
1 1 0 0 H 0 S 1 
1 1 0 # H 0 1 1 
1 1 0 0 0 0 1 1 
1 1 1 1 1 1 1 1 
1 1 1 1 1 1 1 1 
P52 U53 T6

Map
1 1 1 1 1 1 1 1 
1 1 1 1 1 1 1 1 
1 1 0 0 0 0 1 1 
1 1 0 0 0 0 S 1 
1 1 1 0 0 0 G 1 
1 1 0 # F # 1 1 
1 1 1 1 1 1 1 1 
1 1 1 1 1 1 1 1 
P33 P25 T6

Map
1 1 1 1 1 1 1 1 
1 1 1 1 1 1 1 1 
1 S 0 0 0 0 1 1 
1 1 1 0 H 0 G 1 
1 1 0 0 0 # 1 1 
1 1 0 0 1 1 1 1 
1 1 1 1 1 1 1 1 
1 1 1 1 1 1 1 1 
P52 D32 T6

Map
1 1 1 1 1 1 1 1 
1 1 1 G 1 1 1 1 
1 1 0 0 F 0 1 1 
1 1 0 H H 0 1 1 
1 1 0 0 0 0 1 1 
1 1 0 # 0 0 1 1 
1 1 1 1 S 1 1 1 
1 1 1 1 1 1 1 1 
L44 P22 T6

Map
1 1 1 1 1 1 1 1 
1 1 1 1 1 1 1 1 
1 G 0 0 H 0 1 1 
1 1 0 0 0 0 1 1 
1 1 H 0 0 0 S 1 
1 1 F # F 0 1 1 
1 1 1 1 1 1 1 1 
1 1 1 1 1 1 1 1 
D34 P52 T6

Map
1 1 1 1 1 1 1 1 
1 1 1 1 1 1 1 1 
1 1 # 0 0 0 1 1 
1 S 0 H 0 0 1 1 
1 1 0 0 # 0 1 1 
1 G 0 H 0 0 1 1 
1 1 1 1 1 1 1 1 
1 1 1 1 1 1 1 1 
U23 P55 T6

Map
1 1 1 1 1 1 1 1 
1 1 1 G 1 1 1 1 
1 S F 0 # 0 1 1 
1 1 F 0 0 0 1 1 
1 1 0 0 0 F 1 1 
1 1 0 0 1 0 1 1 
1 1 1 1 1 1 1 1 
1 1 1 1 1 1 1 1 
D43 L53 T6

Map
1 1 1 1 1 1 1 1 
1 1 1 1 1 1 1 1 
1 1 0 F 0 0 1 1 
1 1 H 0 0 0 1 1 
1 G 0 # F 0 1 1 
1 1 0 0 0 0 1 1 
1 1 1 1 S 1 1 1 
1 1 1 1 1 1 1 1 
P33 P25 T6

Map
1 1 1 1 1 1 1 1 
1 1 1 1 S 1 1 1 
1 1 H 0 0 0 1 1 
1 1 1 0 1 0 1 1 
1 1 0 # 0 0 1 1 
1 1 0 # 0 H 1 1 
1 1 1 1 G 1 1 1 
1 1 1 1 1 1 1 1 
D32 P54 T6

Map
1 1 1 1 1 1 1 1 
1 1 1 1 G 1 1 1 
1 1 0 F 0 0 1 1 
1 1 0 0 F 0 1 1 
1 1 H F H 0 1 1 
1 1 0 0 0 0 1 1 
1 1 1 S 1 1 1 1 
1 1 1 1 1 1 1 1 
P52 R35 T6

Map
1 1 1 1 1 1 1 1 
1 1 1 1 1 1 1 1 
1 1 0 0 0 0 1 1 
1 1 0 H H 0 S 1 
1 1 0 0 0 0 1 1 
1 1 0 0 F 0 1 1 
1 1 1 G 1 1 1 1 
1 1 1 1 1 1 1 1 
U53 P25 T7

Map
1 1 1 1 1 1 1 1 
1 1 1 1 1 1 1 1 
1 1 0 0 H 0 1 1 
1 1 # 0 0 0 1 1 
1 S 0 1 0 # G 1 
1 1 0 1 0 0 1 1 
1 1 1 1 1 1 1 1 
1 1 1 1 1 1 1 1 
D32 P55 T6

Map
1 1 1 1 1 1 1 1 
1 1 1 G 1 1 1 1 
1 1 F 0 0 0 1 1 
1 1 0 0 0 F 1 1 
1 1 0 0 0 0 1 1 
1 S 0 F 0 0 1 1 
1 1 1 1 1 1 1 1 
1 1 1 1 1 1 1 1 
P24 P55 T6

Map
1 1 1 1 1 1 1 1 
1 1 1 1 G 1 1 1 
1 1 0 0 0 1 1 1 
1 1 0 0 0 # 1 1 
1 1 0 0 H 0 1 1 
1 1 F 0 0 0 1 1 
1 1 1 1 S 1 1 1 
1 1 1 1 1 1 1 1 
L45 P35 T7

Map
1 1 1 1 1 1 1 1 
1 1 1 1 S G 1 1 
1 1 0 0 0 F 1 1 
1 1 0 0 F 0 1 1 
1 1 F 0 0 H 1 1 
1 1 0 0 0 0 1 1 
1 1 1 1 1 1 1 1 
1 1 1 1 1 1 1 1 
P22 L42 T6

Map
1 1 1 1 1 1 1 1 
1 1 1 1 1 1 1 1 
1 1 0 0 # H 1 1 
1 G 0 0 0 0 1 1 
1 1 1 1 0 0 1 1 
1 1 F 0 F 0 S 1 
1 1 1 1 1 1 1 1 
1 1 1 1 1 1 1 1 
P53 U55 T6

Map
1 1 1 1 1 1 1 1 
1 1 1 S 1 1 1 1 
1 1 0 0 1 0 G 1 
1 1 F H 0 0 1 1 
1 1 F H 0 0 1 1 
1 1 0 0 0 H 1 1 
1 1 1 1 1 1 1 1 
1 1 1 1 1 1 1 1 
U45 L32 T6

Map
1 1 1 1 1 1 1 1 
1 1 1 1 1 1 1 1 
1 1 0 0 0 0 1 1 
1 1 0 0 0 0 1 1 
1 S 0 H 0 0 1 1 
1 1 0 0 # 0 1 1 
1 1 1 G 1 1 1 1 
1 1 1 1 1 1 1 1 
P25 D24 T6

Map
1 1 1 1 1 1 1 1 
1 1 1 S 1 1 1 1 
1 1 0 F 0 0 1 1 
1 1 0 0 0 F 1 1 
1 1 0 H 0 0 G 1 
1 1 0 0 0 0 1 1 
1 1 1 1 1 1 1 1 
1 1 1 1 1 1 1 1 
L33 P55 T7

Map
1 1 1 1 1 1 1 1 
1 1 1 1 S 1 1 1 
1 1 F 0 0 0 1 1 
1 G 0 0 1 0 1 1 
1 1 H 0 0 0 1 1 
1 1 0 0 0 0 1 1 
1 1 1 1 1 1 1 1 
1 1 1 1 1 1 1 1 
P32 P25 T6

Map
1 1 1 1 1 1 1 1 
1 1 1 1 1 1 1 1 
1 1 0 F 0 0 1 1 
1 1 0 0 0 0 1 1 
1 1 0 1 F 0 S 1 
1 1 0 0 1 0 1 1 
1 1 1 G 1 1 1 1 
1 1 1 1 1 1 1 1 
P55 D54 T6

Map
1 1 1 1 1 1 1 1 
1 1 1 1 S 1 1 1 
1 1 0 0 0 0 1 1 
1 1 0 1 0 # 1 1 
1 1 0 # 0 H 1 1 
1 1 F 0 F 0 1 1 
1 1 1 1 1 G 1 1 
1 1 1 1 1 1 1 1 
R24 P44 T7

Map
1 1 1 1 1 1 1 1 
1 1 1 1 1 1 1 1 
1 1 1 0 0 0 1 1 
1 1 0 F 0 1 1 1 
1 1 0 0 # H 1 1 
1 G 0 F 0 0 1 1 
1 1 1 S 1 1 1 1 
1 1 1 1 1 1 1 1 
P52 P45 T6

Map
1 1 1 1 1 1 1 1 
1 1 1 1 1 1 1 1 
1 1 0 0 0 H 1 1 
1 1 0 H 0 0 S 1 
1 1 0 0 0 0 1 1 
1 1 0 0 F 0 1 1 
1 1 1 G 1 1 1 1 
1 1 1 1 1 1 1 1 
U43 P25 T7

Map
1 1 1 1 1 1 1 1 
1 1 S 1 1 1 1 1 
1 1 F 0 0 0 1 1 
1 1 0 0 1 0 1 1 
1 1 F 1 0 0 G 1 
1 1 1 0 0 0 1 1 
1 1 1 1 1 1 1 1 
1 1 1 1 1 1 1 1 
U45 R23 T6

Map
1 1 1 1 1 1 1 1 
1 1 1 1 G 1 1 1 
1 1 H 0 0 0 1 1 
1 S 0 0 H 0 1 1 
1 1 0 F 0 0 1 1 
1 1 0 0 0 0 1 1 
1 1 1 1 1 1 1 1 
1 1 1 1 1 1 1 1 
P32 P33 T6

Map
1 1 1 1 1 1 1 1 
1 1 1 1 1 1 1 1 
1 1 H # F 0 G 1 
1 S 0 F F H 1 1 
1 1 0 0 0 # 1 1 
1 1 0 0 F 0 1 1 
1 1 1 1 1 1 1 1 
1 1 1 1 1 1 1 1 
D23 P25 T6

Map
1 1 1 1 1 1 1 1 
1 1 1 1 1 1 1 1 
1 1 0 1 # 0 1 1 
1 S 0 1 0 0 G 1 
1 1 0 0 H 0 1 1 
1 1 1 # 0 # 1 1 
1 1 1 1 1 1 1 1 
1 1 1 1 1 1 1 1 
D34 P52 T6

Map
1 1 1 1 1 1 1 1 
1 1 1 1 1 1 1 1 
1 1 F 0 0 F 1 1 
1 G 0 0 0 # 1 1 
1 1 0 0 1 0 1 1 
1 1 0 0 0 0 1 1 
1 1 1 1 S 1 1 1 
1 1 1 1 1 1 1 1 
D42 R24 T6

Map
1 1 1 1 1 1 1 1 
1 1 1 1 1 1 1 1 
1 1 0 1 # 0 S 1 
1 1 # 0 0 1 1 1 
1 1 # 0 0 0 1 1 
1 1 0 F F F 1 1 
1 1 1 G 1 1 1 1 
1 1 1 1 1 1 1 1 
P44 P25 T6

Map
1 1 1 1 1 1 1 1 
1 1 1 1 1 1 1 1 
1 1 0 0 F 0 1 1 
1 1 # H 0 # G 1 
1 1 0 0 0 0 1 1 
1 1 # 0 0 F 1 1 
1 1 1 S 1 1 1 1 
1 1 1 1 1 1 1 1 
P34 P54 T6

Map
1 1 1 1 1 1 1 1 
1 1 1 1 1 1 1 1 
1 1 0 # H 0 G 1 
1 1 0 0 F 0 1 1 
1 1 0 0 1 1 1 1 
1 1 H 0 0 # 1 1 
1 1 1 1 1 S 1 1 
1 1 1 1 1 1 1 1 
U35 P24 T7

Map
1 1 1 1 1 1 1 1 
1 1 1 1 G 1 1 1 
1 1 F F 0 0 1 1 
1 1 0 0 0 # 1 1 
1 1 1 0 1 0 1 1 
1 1 0 0 0 0 1 1 
1 1 1 S 1 1 1 1 
1 1 1 1 1 1 1 1 
P52 P33 T6

Map
1 1 1 1 1 1 1 1 
1 1 1 1 1 1 1 1 
1 G F F 0 0 1 1 
1 1 0 0 0 0 1 1 
1 1 F 0 1 0 1 1 
1 1 1 # 0 F 1 1 
1 1 1 1 S 1 1 1 
1 1 1 1 1 1 1 1 
P23 L33 T6

Map
1 1 1 1 1 1 1 1 
1 1 1 1 S 1 1 1 
1 1 1 0 0 0 1 1 
1 1 0 0 H 1 1 1 
1 1 0 1 0 0 1 1 
1 1 0 0 0 # 1 1 
1 1 1 1 G 1 1 1 
1 1 1 1 1 1 1 1 
P52 R42 T9

Map
1 1 1 1 1 1 1 1 
1 1 1 1 1 1 1 1 
1 1 0 0 0 # 1 1 
1 1 0 H 0 0 S 1 
1 1 0 0 0 0 G 1 
1 1 # F 0 H 1 1 
1 1 1 1 1 1 1 1 
1 1 1 1 1 1 1 1 
P43 U45 T6

Map
1 1 1 1 1 1 1 1 
1 1 1 1 1 1 1 1 
1 1 0 H 0 0 1 1 
1 1 F 0 0 0 G 1 
1 1 0 0 0 1 1 1 
1 1 0 0 0 F 1 1 
1 1 1 S 1 1 1 1 
1 1 1 1 1 1 1 1 
L34 U45 T6

Map
1 1 1 1 1 1 1 1 
1 1 1 1 1 1 1 1 
1 G 0 H 0 0 1 1 
1 1 0 0 0 0 1 1 
1 1 H 0 0 0 S 1 
1 1 0 0 0 0 1 1 
1 1 1 1 1 1 1 1 
1 1 1 1 1 1 1 1 
D42 P44 T6

Map
1 1 1 1 1 1 1 1 
1 1 1 1 1 1 1 1 
1 1 0 0 0 0 1 1 
1 G 0 0 H 0 S 1 
1 1 # # 0 1 1 1 
1 1 0 1 0 H 1 1 
1 1 1 1 1 1 1 1 
1 1 1 1 1 1 1 1 
U53 P22 T6

Map
1 1 1 1 1 1 1 1 
1 1 1 1 1 1 1 1 
1 1 0 0 0 0 1 1 
1 1 0 0 0 0 1 1 
1 1 0 0 H 0 S 1 
1 1 0 # 0 0 1 1 
1 1 1 1 G 1 1 1 
1 1 1 1 1 1 1 1 
P55 D54 T6

Map
1 1 1 1 1 1 1 1 
1 1 1 1 1 1 1 1 
1 1 # 0 0 1 1 1 
1 1 # H 0 0 1 1 
1 1 # 0 1 0 1 1 
1 S 0 H 0 0 1 1 
1 1 1 1 G 1 1 1 
1 1 1 1 1 1 1 1 
D45 U25 T6

Map
1 1 1 1 1 1 1 1 
1 1 1 1 1 1 1 1 
1 1 0 1 0 # S 1 
1 G 0 0 H # 1 1 
1 1 0 0 0 0 1 1 
1 1 F F 1 0 1 1 
1 1 1 1 1 1 1 1 
1 1 1 1 1 1 1 1 
P22 P55 T6

Map
1 1 1 1 1 1 1 1 
1 1 1 1 1 1 1 1 
1 1 F 0 0 0 S 1 
1 G 0 0 H 0 1 1 
1 1 0 F 0 F 1 1 
1 1 0 0 0 0 1 1 
1 1 1 1 1 1 1 1 
1 1 1 1 1 1 1 1 
P32 P25 T6

Map
1 1 1 1 1 1 1 1 
1 1 1 1 G 1 1 1 
1 1 0 0 0 0 1 1 
1 1 0 0 H H 1 1 
1 1 0 0 0 0 1 1 
1 1 0 0 0 0 1 1 
1 1 1 1 S 1 1 1 
1 1 1 1 1 1 1 1 
P52 R44 T6

Map
1 1 1 1 1 1 1 1 
1 1 1 1 S 1 1 1 
1 1 0 0 0 0 1 1 
1 1 1 0 0 0 1 1 
1 G 0 0 H 0 1 1 
1 1 0 0 0 H 1 1 
1 1 1 1 1 1 1 1 
1 1 1 1 1 1 1 1 
P53 R43 T6

Map
1 1 1 1 1 1 1 1 
1 1 1 1 1 1 1 1 
1 1 0 0 0 F 1 1 
1 1 # 0 0 F 1 1 
1 G 0 1 0 0 1 1 
1 1 0 0 0 0 1 1 
1 1 1 S 1 1 1 1 
1 1 1 1 1 1 1 1 
P25 P55 T6

Map
1 1 1 1 1 1 1 1 
1 1 1 1 1 1 1 1 
1 1 F 0 0 1 1 1 
1 1 0 F 0 # 1 1 
1 1 # F F 0 G 1 
1 1 1 0 0 0 1 1 
1 1 1 1 S 1 1 1 
1 1 1 1 1 1 1 1 
L45 P35 T6

Map
1 1 1 1 1 1 1 1 
1 1 S 1 1 1 1 1 
1 1 0 0 0 0 1 1 
1 1 0 0 0 0 1 1 
1 1 0 1 0 0 1 1 
1 1 F 0 0 1 1 1 
1 1 1 G 1 1 1 1 
1 1 1 1 1 1 1 1 
P23 D35 T6

Map
1 1 1 1 1 1 1 1 
1 1 1 1 1 1 1 1 
1 G 0 1 0 0 S 1 
1 1 0 F 0 0 1 1 
1 1 0 0 # F 1 1 
1 1 F 0 # 0 1 1 
1 1 1 1 1 1 1 1 
1 1 1 1 1 1 1 1 
P42 P35 T7

Map
1 1 1 1 1 1 1 1 
1 1 1 G 1 1 1 1 
1 1 0 0 0 0 1 1 
1 1 0 0 1 F 1 1 
1 1 0 F 0 1 1 1 
1 1 F 0 0 0 S 1 
1 1 1 1 1 1 1 1 
1 1 1 1 1 1 1 1 
P22 P35 T6

Map
1 1 1 1 1 1 1 1 
1 1 1 1 1 1 1 1 
1 1 0 0 1 0 1 1 
1 1 0 0 0 F 1 1 
1 1 H 0 0 0 1 1 
1 S 0 0 F 0 1 1 
1 1 1 G 1 1 1 1 
1 1 1 1 1 1 1 1 
U44 L54 T6

Map
1 1 1 1 1 1 1 1 
1 1 1 1 1 1 1 1 
1 1 H 0 0 # S 1 
1 G 0 0 1 0 1 1 
1 1 0 0 0 0 1 1 
1 1 0 0 0 0 1 1 
1 1 1 1 1 1 1 1 
1 1 1 1 1 1 1 1 
P32 P25 T6

Map
1 1 1 1 1 1 1 1 
1 1 1 1 1 1 1 1 
1 1 0 0 0 0 1 1 
1 1 0 0 0 0 1 1 
1 S 0 0 H 0 1 1 
1 1 0 0 # 0 1 1 
1 1 1 G 1 1 1 1 
1 1 1 1 1 1 1 1 
P34 P25 T6

Map
1 1 1 1 1 1 1 1 
1 1 1 1 G 1 1 1 
1 1 # F 0 0 1 1 
1 S 0 F F 0 1 1 
1 1 0 0 0 0 1 1 
1 1 0 1 0 0 1 1 
1 1 1 1 1 1 1 1 
1 1 1 1 1 1 1 1 
P52 P55 T6

Map
1 1 1 1 1 1 1 1 
1 1 1 1 G 1 1 1 
1 S 0 0 0 H 1 1 
1 1 0 H 0 1 1 1 
1 1 0 0 0 0 1 1 
1 1 0 0 F 0 1 1 
1 1 1 1 1 1 1 1 
1 1 1 1 1 1 1 1 
P32 P34 T6

Map
1 1 1 1 1 1 1 1 
1 1 1 1 1 1 1 1 
1 G 0 H 0 0 1 1 
1 1 0 0 0 0 1 1 
1 S F 0 0 F 1 1 
1 1 0 0 0 0 1 1 
1 1 1 1 1 1 1 1 
1 1 1 1 1 1 1 1 
P52 D34 T6

Map
1 1 1 1 1 1 1 1 
1 1 1 G 1 1 1 1 
1 1 # # 0 0 1 1 
1 1 0 0 F # 1 1 
1 1 F 0 0 F S 1 
1 1 0 0 0 0 1 1 
1 1 1 1 1 1 1 1 
1 1 1 1 1 1 1 1 
P42 P34 T6

Map
1 1 1 1 1 1 1 1 
1 1 G 1 1 1 1 1 
1 1 0 H 0 0 1 1 
1 1 F 0 0 0 S 1 
1 1 0 0 H F 1 1 
1 1 1 0 0 0 1 1 
1 1 1 1 1 1 1 1 
1 1 1 1 1 1 1 1 
U43 L34 T6

Map
1 1 1 1 1 1 1 1 
1 1 1 1 1 1 1 1 
1 1 0 0 0 0 S 1 
1 1 H 0 0 0 1 1 
1 G 0 0 H # 1 1 
1 1 0 0 0 0 1 1 
1 1 1 1 1 1 1 1 
1 1 1 1 1 1 1 1 
R24 P34 T6

Map
1 1 1 1 1 1 1 1 
1 1 S 1 1 1 1 1 
1 1 0 F 0 0 1 1 
1 1 1 0 0 H 1 1 
1 G # 0 H 0 1 1 
1 1 0 0 0 0 1 1 
1 1 1 1 1 1 1 1 
1 1 1 1 1 1 1 1 
P52 L43 T7

Map
1 1 1 1 1 1 1 1 
1 1 1 1 G 1 1 1 
1 1 H 0 0 0 1 1 
1 1 0 0 1 1 1 1 
1 1 0 0 0 0 1 1 
1 1 0 0 0 1 1 1 
1 1 1 1 S 1 1 1 
1 1 1 1 1 1 1 1 
R23 P52 T6

Map
1 1 1 1 1 1 1 1 
1 1 1 1 1 1 1 1 
1 1 0 F 0 H 1 1 
1 1 0 1 0 0 G 1 
1 1 F 0 0 0 S 1 
1 1 0 0 0 0 1 1 
1 1 1 1 1 1 1 1 
1 1 1 1 1 1 1 1 
P44 D42 T6

Map
1 1 1 1 1 1 1 1 
1 1 1 1 1 1 1 1 
1 1 0 0 1 0 1 1 
1 1 F 0 0 F 1 1 
1 1 0 H 0 0 1 1 
1 S # 0 1 0 1 1 
1 1 1 1 1 G 1 1 
1 1 1 1 1 1 1 1 
R33 D43 T7

Map
1 1 1 1 1 1 1 1 
1 1 1 1 G 1 1 1 
1 1 0 1 0 0 1 1 
1 1 0 0 0 0 1 1 
1 S 0 0 H # 1 1 
1 1 0 0 0 F 1 1 
1 1 1 1 1 1 1 1 
1 1 1 1 1 1 1 1 
D34 P35 T6

Map
1 1 1 1 1 1 1 1 
1 1 1 1 1 1 1 1 
1 S 0 0 1 0 1 1 
1 1 0 H 0 0 G 1 
1 1 # 0 0 0 1 1 
1 1 0 0 H F 1 1 
1 1 1 1 1 1 1 1 
1 1 1 1 1 1 1 1 
P52 P25 T6

Map
1 1 1 1 1 1 1 1 
1 1 1 1 1 1 1 1 
1 1 0 0 0 0 1 1 
1 1 H 0 0 F 1 1 
1 1 F # 1 0 G 1 
1 1 0 0 0 0 1 1 
1 1 1 1 S 1 1 1 
1 1 1 1 1 1 1 1 
P25 P55 T6

Map
1 1 1 1 1 1 1 1 
1 1 1 1 S 1 1 1 
1 1 0 0 0 # 1 1 
1 1 0 1 0 0 1 1 
1 G 0 0 H 0 1 1 
1 1 0 0 F F 1 1 
1 1 1 1 1 1 1 1 
1 1 1 1 1 1 1 1 
R43 U35 T6

Map
1 1 1 1 1 1 1 1 
1 1 1 S 1 1 1 1 
1 1 0 0 1 0 1 1 
1 1 0 0 F 0 1 1 
1 1 F F 0 0 G 1 
1 1 # 0 H 0 1 1 
1 1 1 1 1 1 1 1 
1 1 1 1 1 1 1 1 
P22 P55 T6

Map
1 1 1 1 1 1 1 1 
1 1 1 1 G 1 1 1 
1 1 0 # 0 0 1 1 
1 1 1 0 0 0 1 1 
1 1 H # 1 0 1 1 
1 1 0 # 0 0 1 1 
1 1 S 1 1 1 1 1 
1 1 1 1 1 1 1 1 
P52 R25 T6

Map
1 1 1 1 1 1 1 1 
1 1 1 1 1 1 1 1 
1 1 0 0 0 0 1 1 
1 1 F F 0 0 1 1 
1 1 0 0 H 0 S 1 
1 1 0 F 0 0 1 1 
1 1 1 1 G 1 1 1 
1 1 1 1 1 1 1 1 
D54 P55 T6

Map
1 1 1 1 1 1 1 1 
1 1 1 1 1 1 1 1 
1 1 0 0 1 0 S 1 
1 1 0 F 0 0 1 1 
1 1 0 0 0 0 1 1 
1 1 1 F 0 0 1 1 
1 1 1 G 1 1 1 1 
1 1 1 1 1 1 1 1 
D34 U45 T6
